Sample File	Marker	Allele 1	Allele 2	SQ	GQ	Size 1	Size 2	Height 1	Height 2	Peak Area 1	Peak Area 2	OS	AE	ADO	SHP	OBA	SPA	SP	BIN	BD	AN	SPU	LPH	PHR	
BLANK_2012-11-06_B07_061.fsa	INDEL_5785			0.0	0.0							1.0	false	false	-2.0	-2.0	-2.0	-2.0	-2.0	-2.0	-2.0	-2.0	-2.0	-2.0	
BLANK_2012-11-06_G09_067.fsa	INDEL_5785			0.0	0.0							0.0	false	false	-2.0	-2.0	-2.0	-2.0	-2.0	-2.0	-2.0	-2.0	-2.0	-2.0	
BS_CK193_2012-11-06_A01_015.fsa	INDEL_5785	138		0.9	0.3123	136.9		4814		25288.0		0.0	false	false	0.0	0.0	1.0	0.0	0.0	0.0	0.0	0.0	0.0	-2.0	
BS_CK194_2012-11-06_A02_016.fsa	INDEL_5785	138		1.0	0.347	136.89		6939		34108.0		0.0	false	false	0.0	0.0	1.0	0.0	0.0	0.0	0.0	0.0	0.0	-2.0	
BS_CK195_2012-11-06_A03_031.fsa	INDEL_5785	138		0.9	0.3123	136.83		5676		27325.0		0.0	false	false	0.0	0.0	1.0	0.0	0.0	0.0	0.0	0.0	0.0	-2.0	
BS_CK196_2012-11-06_A04_032.fsa	INDEL_5785	134	138	0.9	0.3123	133.41	136.67	4517	4738	18208.0	25831.0	0.0	false	false	0.0	0.0	1.0	0.0	0.0	0.0	0.0	0.0	0.0	0.0	
BS_CK197_2012-11-06_A05_047.fsa	INDEL_5785			0.0	0.0							1.0	false	false	-2.0	-2.0	-2.0	-2.0	-2.0	-2.0	-2.0	-2.0	-2.0	-2.0	
BS_CK198_2012-11-06_A06_048.fsa	INDEL_5785	138		0.9	0.3123	136.86		4548		23674.0		0.0	false	false	0.0	0.0	1.0	0.0	0.0	0.0	0.0	0.0	0.0	-2.0	
BS_CK199_2012-11-06_A07_063.fsa	INDEL_5785	138		0.9	0.3123	136.82		10648		43944.0		0.0	false	false	0.0	0.0	1.0	0.0	0.0	0.0	0.0	0.0	0.0	-2.0	
BS_CK200_2012-11-06_A08_064.fsa	INDEL_5785	138		0.9	0.3123	136.66		8187		39022.0		0.0	false	false	0.0	0.0	1.0	0.0	0.0	0.0	0.0	0.0	0.0	-2.0	
BS_CK201_2012-11-06_A09_079.fsa	INDEL_5785			0.0	0.0							1.0	false	false	-2.0	-2.0	-2.0	-2.0	-2.0	-2.0	-2.0	-2.0	-2.0	-2.0	
BS_CK202_2012-11-06_A10_080.fsa	INDEL_5785	138		0.9	0.3123	136.63		10551		45696.0		0.0	false	false	0.0	0.0	1.0	0.0	0.0	0.0	0.0	0.0	0.0	-2.0	
BS_CK203_2012-11-06_A11_095.fsa	INDEL_5785			0.9	1.0							0.0	true	false	-4.0	-4.0	-1.0	-4.0	-4.0	-4.0	-4.0	-4.0	-4.0	-2.0	
BS_CK204_2012-11-06_A12_096.fsa	INDEL_5785	138		0.9	0.3123	136.94		1245		7885.0		0.0	false	false	0.0	0.0	1.0	0.0	0.0	0.0	0.0	0.0	0.0	-2.0	
BS_CK205_2012-11-06_B01_013.fsa	INDEL_5785	138		0.9	0.3123	136.87		10544		43645.0		0.0	false	false	0.0	0.0	1.0	0.0	0.0	0.0	0.0	0.0	0.0	-2.0	
BS_CK206_2012-11-06_B02_014.fsa	INDEL_5785	138		1.0	0.347	136.89		3710		18121.0		0.0	false	false	0.0	0.0	1.0	0.0	0.0	0.0	0.0	0.0	0.0	-2.0	
BS_CK207_2012-11-06_B03_029.fsa	INDEL_5785	138		0.9	0.3123	136.82		5573		28468.0		0.0	false	false	0.0	0.0	1.0	0.0	0.0	0.0	0.0	0.0	0.0	-2.0	
BS_CK208_2012-11-06_B04_030.fsa	INDEL_5785	138		0.9	0.3123	136.83		4153		19691.0		0.0	false	false	0.0	0.0	1.0	0.0	0.0	0.0	0.0	0.0	0.0	-2.0	
BS_CK209_2012-11-06_B05_045.fsa	INDEL_5785	134	138	0.9	0.3123	133.4	136.86	3189	3516	12685.0	20276.0	0.0	false	false	0.0	0.0	1.0	0.0	0.0	0.0	0.0	0.0	0.0	0.0	
BS_CK210_2012-11-06_B06_046.fsa	INDEL_5785	134	138	0.9	0.3123	133.49	136.82	2674	2853	13414.0	15268.0	0.0	false	false	0.0	0.0	1.0	0.0	0.0	0.0	0.0	0.0	0.0	0.0	
BS_CK211_2012-11-06_H11_081.fsa	INDEL_5785	138		0.9	0.3123	136.87		8115		38342.0		0.0	false	false	0.0	0.0	1.0	0.0	0.0	0.0	0.0	0.0	0.0	-2.0	
BS_CK212_2012-11-06_B08_062.fsa	INDEL_5785	138		0.9	0.1561	136.66		23474		113761.0		1.0	false	false	0.0	0.0	1.0	0.0	0.0	0.0	0.0	0.0	0.0	-2.0	
BS_CK213_2012-11-06_B09_077.fsa	INDEL_5785	138		0.9	0.3123	136.71		13831		62083.0		0.0	false	false	0.0	0.0	1.0	0.0	0.0	0.0	0.0	0.0	0.0	-2.0	
BS_CK214_2012-11-06_B10_078.fsa	INDEL_5785	138		0.9	0.3123	136.63		6980		35848.0		0.0	false	false	0.0	0.0	1.0	0.0	0.0	0.0	0.0	0.0	0.0	-2.0	
BS_CK215_2012-11-06_B11_093.fsa	INDEL_5785	134	138	0.9	0.3123	133.49	136.71	6922	6706	27740.0	39340.0	0.0	false	false	0.0	0.0	1.0	0.0	0.0	0.0	0.0	0.0	0.0	0.0	
BS_CK216_2012-11-06_B12_094.fsa	INDEL_5785	134	138	0.9	0.3123	133.68	137.09	2878	2911	11316.0	18947.0	0.0	false	false	0.0	0.0	1.0	0.0	0.0	0.0	0.0	0.0	0.0	0.0	
BS_CK217_2012-11-06_C01_011.fsa	INDEL_5785	134	138	0.9	0.3123	133.7	136.9	4845	4425	20237.0	21198.0	0.0	false	false	0.0	0.0	1.0	0.0	0.0	0.0	0.0	0.0	0.0	0.0	
BS_CK218_2012-11-06_C02_012.fsa	INDEL_5785	138		0.9	0.3123	136.86		7383		34536.0		0.0	false	false	0.0	0.0	1.0	0.0	0.0	0.0	0.0	0.0	0.0	-2.0	
BS_CK219_2012-11-06_C03_027.fsa	INDEL_5785			0.9	1.0							0.0	true	false	-4.0	-4.0	-1.0	-4.0	-4.0	-4.0	-4.0	-4.0	-4.0	-2.0	
BS_CK220_2012-11-06_C04_028.fsa	INDEL_5785	138		0.9	0.3123	136.83		2982		16120.0		0.0	false	false	0.0	0.0	1.0	0.0	0.0	0.0	0.0	0.0	0.0	-2.0	
BS_CK221_2012-11-06_C05_043.fsa	INDEL_5785	134	138	0.9	0.3123	133.49	136.82	4806	4220	16886.0	23380.0	0.0	false	false	0.0	0.0	1.0	0.0	0.0	0.0	0.0	0.0	0.0	0.0	
BS_CK222_2012-11-06_C06_044.fsa	INDEL_5785	138		0.9	0.3123	136.59		8095		47274.0		0.0	false	false	0.0	0.0	1.0	0.0	0.0	0.0	0.0	0.0	0.0	-2.0	
BS_CK223_2012-11-06_C07_059.fsa	INDEL_5785	134	138	0.9	0.3123	133.31	136.63	3772	4459	14117.0	27279.0	0.0	false	false	0.0	0.0	1.0	0.0	0.0	0.0	0.0	0.0	0.0	0.0	
BS_CK224_2012-11-06_C08_060.fsa	INDEL_5785	138		0.9	0.3123	136.59		13381		62586.0		0.0	false	false	0.0	0.0	1.0	0.0	0.0	0.0	0.0	0.0	0.0	-2.0	
BS_CK225_2012-11-06_C09_075.fsa	INDEL_5785	138		0.81	0.1405	138.28		26605		104616.0		1.0	false	false	0.0	0.0	1.0	0.0	0.0	0.0	0.0	0.0	0.0	-2.0	
BS_CK226_2012-11-06_C10_076.fsa	INDEL_5785	138		0.9	0.1561	136.82		17765		81848.0		1.0	false	false	0.0	0.0	1.0	0.0	0.0	0.0	0.0	0.0	0.0	-2.0	
BS_CK227_2012-11-06_C11_091.fsa	INDEL_5785			0.9	1.0							0.0	true	false	-4.0	-4.0	-1.0	-4.0	-4.0	-4.0	-4.0	-1.0	-1.0	-4.0	
BS_CK228_2012-11-06_C12_092.fsa	INDEL_5785	138		0.9	0.3123	136.87		7542		33544.0		0.0	false	false	0.0	0.0	1.0	0.0	0.0	0.0	0.0	0.0	0.0	-2.0	
BS_CK229_2012-11-06_D01_009.fsa	INDEL_5785	138		0.9	0.3123	136.9		3807		16398.0		0.0	false	false	0.0	0.0	1.0	0.0	0.0	0.0	0.0	0.0	0.0	-2.0	
BS_CK230_2012-11-06_D02_010.fsa	INDEL_5785	138		0.9	0.3123	136.86		11091		49153.0		0.0	false	false	0.0	0.0	1.0	0.0	0.0	0.0	0.0	0.0	0.0	-2.0	
BS_CK231_2012-11-06_D03_025.fsa	INDEL_5785	138		0.9	0.3123	136.86		6913		31732.0		0.0	false	false	0.0	0.0	1.0	0.0	0.0	0.0	0.0	0.0	0.0	-2.0	
BS_CK232_2012-11-06_D04_026.fsa	INDEL_5785			0.9	1.0							0.0	true	false	-4.0	-4.0	-4.0	-4.0	-4.0	-4.0	-4.0	-4.0	-4.0	-2.0	
BS_CK233_2012-11-06_D05_041.fsa	INDEL_5785	138		0.9	0.3123	136.82		9176		41599.0		0.0	false	false	0.0	0.0	1.0	0.0	0.0	0.0	0.0	0.0	0.0	-2.0	
BS_CK234_2012-11-06_D06_042.fsa	INDEL_5785			0.9	1.0							0.0	true	false	-4.0	-4.0	-1.0	-4.0	-4.0	-4.0	-4.0	-4.0	-4.0	-2.0	
BS_CK235_2012-11-06_D07_057.fsa	INDEL_5785			0.9	1.0							0.0	true	false	-4.0	-4.0	-1.0	-4.0	-4.0	-4.0	-4.0	-4.0	-4.0	-2.0	
BS_CK236_2012-11-06_D08_058.fsa	INDEL_5785			0.9	1.0							0.0	true	false	-4.0	-4.0	-1.0	-4.0	-4.0	-4.0	-4.0	-4.0	-4.0	-2.0	
BS_CK237_2012-11-06_D09_073.fsa	INDEL_5785	138		0.9	0.3123	136.85		9800		47668.0		0.0	false	false	0.0	0.0	1.0	0.0	0.0	0.0	0.0	0.0	0.0	-2.0	
BS_CK238_2012-11-06_D10_074.fsa	INDEL_5785	138		0.9	0.3123	136.59		13954		59163.0		0.0	false	false	0.0	0.0	1.0	0.0	0.0	0.0	0.0	0.0	0.0	-2.0	
BS_CK239_2012-11-06_D11_089.fsa	INDEL_5785	138		0.9	0.3123	136.66		2294		14585.0		0.0	false	false	0.0	0.0	1.0	0.0	0.0	0.0	0.0	0.0	0.0	-2.0	
BS_CK240_2012-11-06_D12_090.fsa	INDEL_5785	138		0.9	0.3123	136.86		18345		87504.0		0.0	false	false	0.0	0.0	1.0	0.0	0.0	0.0	0.0	0.0	0.0	-2.0	
BS_CK241_2012-11-06_E01_007.fsa	INDEL_5785	138		0.9	0.3123	137.12		5527		25437.0		0.0	false	false	0.0	0.0	1.0	0.0	0.0	0.0	0.0	0.0	0.0	-2.0	
BS_CK242_2012-11-06_E02_008.fsa	INDEL_5785	134	138	0.9	0.6939	133.68	136.9	7796	7040	32044.0	33078.0	0.0	false	false	0.0	0.0	0.0	0.0	0.0	0.0	0.0	0.0	0.0	0.0	
BS_CK243_2012-11-06_E03_023.fsa	INDEL_5785	138		0.9	0.3123	136.86		10081		43963.0		0.0	false	false	0.0	0.0	1.0	0.0	0.0	0.0	0.0	0.0	0.0	-2.0	
BS_CK244_2012-11-06_E04_024.fsa	INDEL_5785	138		0.9	0.3123	136.82		5902		25268.0		0.0	false	false	0.0	0.0	1.0	0.0	0.0	0.0	0.0	0.0	0.0	-2.0	
BS_CK245_2012-11-06_E05_039.fsa	INDEL_5785	134	138	0.9	0.6939	133.49	136.82	1722	2098	8112.0	10828.0	0.0	false	false	0.0	0.0	0.0	0.0	0.0	0.0	0.0	0.0	0.0	0.0	
BS_CK246_2012-11-06_E06_040.fsa	INDEL_5785	138		0.9	0.3123	136.85		7803		38371.0		0.0	false	false	0.0	0.0	1.0	0.0	0.0	0.0	0.0	0.0	0.0	-2.0	
BS_CK247_2012-11-06_E07_055.fsa	INDEL_5785	134	138	0.9	0.3123	133.3	136.62	2218	2108	11697.0	13861.0	0.0	false	false	0.0	0.0	1.0	0.0	0.0	0.0	0.0	0.0	0.0	0.0	
BS_CK248_2012-11-06_E08_056.fsa	INDEL_5785	134	138	0.9	0.1561	133.48	136.62	8818	8874	33782.0	52567.0	1.0	false	false	0.0	0.0	1.0	0.0	0.0	0.0	0.0	0.0	0.0	0.0	
BS_CK249_2012-11-06_E09_071.fsa	INDEL_5785	138		0.81	0.1405	138.28		22372		105811.0		1.0	false	false	0.0	0.0	1.0	0.0	0.0	0.0	0.0	0.0	0.0	-2.0	
BS_CK250_2012-11-06_E10_072.fsa	INDEL_5785	138		0.9	0.3123	136.62		12340		56136.0		0.0	false	false	0.0	0.0	1.0	0.0	0.0	0.0	0.0	0.0	0.0	-2.0	
BS_CK251_2012-11-06_E11_087.fsa	INDEL_5785	138		0.9	0.3123	136.89		13560		67140.0		0.0	false	false	0.0	0.0	1.0	0.0	0.0	0.0	0.0	0.0	0.0	-2.0	
BS_CK252_2012-11-06_E12_088.fsa	INDEL_5785	138		0.9	0.3123	136.89		13363		61572.0		0.0	false	false	0.0	0.0	1.0	0.0	0.0	0.0	0.0	0.0	0.0	-2.0	
BS_CK253_2012-11-06_F01_005.fsa	INDEL_5785	138		0.9	0.3123	136.91		6104		26027.0		0.0	false	false	0.0	0.0	1.0	0.0	0.0	0.0	0.0	0.0	0.0	-2.0	
BS_CK254_2012-11-06_F02_006.fsa	INDEL_5785	138		0.9	0.3123	136.9		20158		84237.0		0.0	false	false	0.0	0.0	1.0	0.0	0.0	0.0	0.0	0.0	0.0	-2.0	
BS_CK255_2012-11-06_F03_021.fsa	INDEL_5785	138		0.9	0.3123	136.86		2174		12728.0		0.0	false	false	0.0	0.0	1.0	0.0	0.0	0.0	0.0	0.0	0.0	-2.0	
BS_CK256_2012-11-06_F04_022.fsa	INDEL_5785	134	138	1.0	0.347	133.43	136.68	2763	2951	11173.0	21168.0	0.0	false	false	0.0	0.0	1.0	0.0	0.0	0.0	0.0	0.0	0.0	0.0	
BS_CK257_2012-11-06_F05_037.fsa	INDEL_5785	134	138	0.9	0.3123	133.49	136.62	2287	2531	8116.0	16924.0	0.0	false	false	0.0	0.0	1.0	0.0	0.0	0.0	0.0	0.0	0.0	0.0	
BS_CK258_2012-11-06_F06_038.fsa	INDEL_5785	138		0.9	0.3123	136.82		4041		19144.0		0.0	false	false	0.0	0.0	1.0	0.0	0.0	0.0	0.0	0.0	0.0	-2.0	
BS_CK259_2012-11-06_F07_053.fsa	INDEL_5785	138		0.9	0.3123	136.63		5057		31645.0		0.0	false	false	0.0	0.0	1.0	0.0	0.0	0.0	0.0	0.0	0.0	-2.0	
BS_CK260_2012-11-06_F08_054.fsa	INDEL_5785	138		0.9	0.3123	136.63		10154		52317.0		0.0	false	false	0.0	0.0	1.0	0.0	0.0	0.0	0.0	0.0	0.0	-2.0	
BS_CK261_2012-11-06_F09_069.fsa	INDEL_5785	138		0.9	0.3123	136.66		11732		52644.0		0.0	false	false	0.0	0.0	1.0	0.0	0.0	0.0	0.0	0.0	0.0	-2.0	
BS_CK262_2012-11-06_F10_070.fsa	INDEL_5785	138		0.9	0.3123	136.63		8966		39202.0		0.0	false	false	0.0	0.0	1.0	0.0	0.0	0.0	0.0	0.0	0.0	-2.0	
BS_CK263_2012-11-06_F11_085.fsa	INDEL_5785	138		0.9	0.3123	136.63		5325		33753.0		0.0	false	false	0.0	0.0	1.0	0.0	0.0	0.0	0.0	0.0	0.0	-2.0	
BS_CK264_2012-11-06_F12_086.fsa	INDEL_5785	138		0.9	0.3123	136.67		10286		57784.0		1.0	false	false	0.0	0.0	1.0	0.0	0.0	0.0	0.0	0.0	0.0	-2.0	
BS_CK265_2012-11-06_G01_003.fsa	INDEL_5785	138		0.9	0.3123	137.15		11837		52789.0		0.0	false	false	0.0	0.0	1.0	0.0	0.0	0.0	0.0	0.0	0.0	-2.0	
BS_CK266_2012-11-06_G02_004.fsa	INDEL_5785	138		0.9	0.3123	136.91		4678		21380.0		0.0	false	false	0.0	0.0	1.0	0.0	0.0	0.0	0.0	0.0	0.0	-2.0	
BS_CK267_2012-11-06_G03_019.fsa	INDEL_5785	138		0.9	0.3123	137.05		7581		36476.0		0.0	false	false	0.0	0.0	1.0	0.0	0.0	0.0	0.0	0.0	0.0	-2.0	
BS_CK268_2012-11-06_G04_020.fsa	INDEL_5785			0.9	1.0							0.0	true	false	-4.0	-4.0	-1.0	-4.0	-4.0	-4.0	-4.0	-1.0	-4.0	-1.0	
BS_CK269_2012-11-06_G05_035.fsa	INDEL_5785	138		0.9	0.3123	136.86		10922		51157.0		0.0	false	false	0.0	0.0	1.0	0.0	0.0	0.0	0.0	0.0	0.0	-2.0	
BS_CK270_2012-11-06_G06_036.fsa	INDEL_5785	138		0.9	0.3123	136.63		4371		27479.0		0.0	false	false	0.0	0.0	1.0	0.0	0.0	0.0	0.0	0.0	0.0	-2.0	
BS_CK271_2012-11-06_G07_051.fsa	INDEL_5785	134	138	0.9	0.0781	133.32	136.63	8228	8291	31414.0	56599.0	1.0	false	false	0.0	0.0	1.0	0.0	0.0	1.0	0.0	0.0	0.0	0.0	
BS_CK272_2012-11-06_G08_052.fsa	INDEL_5785			0.9	1.0							0.0	true	false	-4.0	-4.0	-1.0	-4.0	-4.0	-4.0	-4.0	-4.0	-4.0	-2.0	
BS_CK273_2012-11-06_H12_082.fsa	INDEL_5785	138		0.9	0.3123	136.87		3877		19973.0		0.0	false	false	0.0	0.0	1.0	0.0	0.0	0.0	0.0	0.0	0.0	-2.0	
BS_CK274_2012-11-06_G10_068.fsa	INDEL_5785	138		0.9	0.3123	136.66		13875		70500.0		1.0	false	false	0.0	0.0	1.0	0.0	0.0	0.0	0.0	0.0	0.0	-2.0	
BS_CK275_2012-11-06_G11_083.fsa	INDEL_5785	138		0.81	0.1972	138.29		32660		140018.0		1.0	false	false	0.0	0.0	1.0	0.0	0.0	0.0	0.0	0.0	0.0	-2.0	
BS_CK276_2012-11-06_G12_084.fsa	INDEL_5785	138		0.9	0.3123	136.86		6338		34206.0		0.0	false	false	0.0	0.0	1.0	0.0	0.0	0.0	0.0	0.0	0.0	-2.0	
BS_CK277_2012-11-06_H01_001.fsa	INDEL_5785	138		0.9	0.3123	137.16		2881		12359.0		0.0	false	false	0.0	0.0	1.0	0.0	0.0	0.0	0.0	0.0	0.0	-2.0	
BS_CK278_2012-11-06_H02_002.fsa	INDEL_5785	138		0.9	0.3123	136.94		4012		19948.0		0.0	false	false	0.0	0.0	1.0	0.0	0.0	0.0	0.0	0.0	0.0	-2.0	
BS_CK279_2012-11-06_H03_017.fsa	INDEL_5785	134	138	0.9	0.3123	133.44	136.87	3866	4036	13793.0	24666.0	0.0	false	false	0.0	0.0	1.0	0.0	0.0	0.0	0.0	0.0	0.0	0.0	
BS_CK280_2012-11-06_H04_018.fsa	INDEL_5785			0.9	1.0							0.0	true	false	-4.0	-4.0	-1.0	-4.0	-4.0	-4.0	-4.0	-4.0	-4.0	-2.0	
BS_CK281_2012-11-06_H05_033.fsa	INDEL_5785	138		0.9	0.3123	136.83		2839		13602.0		0.0	false	false	0.0	0.0	1.0	0.0	0.0	0.0	0.0	0.0	0.0	-2.0	
BS_CK282_2012-11-06_H06_034.fsa	INDEL_5785	134	138	0.9	0.3123	133.02	136.86	789	1374	4478.0	5512.0	0.0	false	false	0.0	0.0	1.0	0.0	0.0	0.0	0.0	0.0	0.0	0.0	
BS_CK283_2012-11-06_H07_049.fsa	INDEL_5785	138		0.9	0.3123	136.67		15538		73660.0		0.0	false	false	0.0	0.0	1.0	0.0	0.0	0.0	0.0	0.0	0.0	-2.0	
BS_CK284_2012-11-06_H08_050.fsa	INDEL_5785	138		0.9	0.3123	136.63		4248		19675.0		0.0	false	false	0.0	0.0	1.0	0.0	0.0	0.0	0.0	0.0	0.0	-2.0	
BS_CK285_2012-11-06_H09_065.fsa	INDEL_5785			0.9	1.0							0.0	true	false	-4.0	-4.0	-1.0	-4.0	-1.0	-4.0	-4.0	-4.0	-4.0	-1.0	
BS_CK286_2012-11-06_H10_066.fsa	INDEL_5785	138		0.9	0.3123	136.89		10042		46999.0		0.0	false	false	0.0	0.0	1.0	0.0	0.0	0.0	0.0	0.0	0.0	-2.0	
BLANK_2012-11-06_B07_061.fsa	INDEL_5786			0.0	0.0							1.0	false	false	-2.0	-2.0	-2.0	-2.0	-2.0	-2.0	-2.0	-2.0	-2.0	-2.0	
BLANK_2012-11-06_G09_067.fsa	INDEL_5786			0.0	0.0							0.0	false	false	-2.0	-2.0	-2.0	-2.0	-2.0	-2.0	-2.0	-2.0	-2.0	-2.0	
BS_CK193_2012-11-06_A01_015.fsa	INDEL_5786	162		0.9	0.4383	161.75		5794		23995.0		0.0	false	false	0.0	0.0	1.0	0.0	0.0	0.0	0.0	0.0	0.0	-2.0	
BS_CK194_2012-11-06_A02_016.fsa	INDEL_5786	162		1.0	0.487	161.61		6638		26364.0		0.0	false	false	0.0	0.0	1.0	0.0	0.0	0.0	0.0	0.0	0.0	-2.0	
BS_CK195_2012-11-06_A03_031.fsa	INDEL_5786	162		0.9	0.4383	161.44		5425		22131.0		0.0	false	false	0.0	0.0	1.0	0.0	0.0	0.0	0.0	0.0	0.0	-2.0	
BS_CK196_2012-11-06_A04_032.fsa	INDEL_5786	153	162	0.9	0.4383	152.23	161.44	3617	2370	14461.0	10119.0	0.0	false	false	0.0	0.0	1.0	0.0	0.0	0.0	0.0	0.0	0.0	0.0	
BS_CK197_2012-11-06_A05_047.fsa	INDEL_5786			0.0	0.0							1.0	false	false	-2.0	-2.0	-2.0	-2.0	-2.0	-2.0	-2.0	-2.0	-2.0	-2.0	
BS_CK198_2012-11-06_A06_048.fsa	INDEL_5786	153	162	0.9	0.4383	152.23	161.44	3979	2567	16342.0	10440.0	0.0	false	false	0.0	0.0	1.0	0.0	0.0	0.0	0.0	0.0	0.0	0.0	
BS_CK199_2012-11-06_A07_063.fsa	INDEL_5786	162		0.9	0.4383	161.47		4606		18002.0		0.0	false	false	0.0	0.0	1.0	0.0	0.0	0.0	0.0	0.0	0.0	-2.0	
BS_CK200_2012-11-06_A08_064.fsa	INDEL_5786	162		0.9	0.8766	161.45		5215		22742.0		0.0	false	false	0.0	0.0	0.0	0.0	0.0	0.0	0.0	0.0	0.0	-2.0	
BS_CK201_2012-11-06_A09_079.fsa	INDEL_5786			0.0	0.0							1.0	false	false	-2.0	-2.0	-2.0	-2.0	-2.0	-2.0	-2.0	-2.0	-2.0	-2.0	
BS_CK202_2012-11-06_A10_080.fsa	INDEL_5786	162		0.9	0.4383	161.64		5677		23259.0		0.0	false	false	0.0	0.0	1.0	0.0	0.0	0.0	0.0	0.0	0.0	-2.0	
BS_CK203_2012-11-06_A11_095.fsa	INDEL_5786	162		0.9	0.4383	161.61		9025		37609.0		0.0	false	false	0.0	0.0	1.0	0.0	0.0	0.0	0.0	0.0	0.0	-2.0	
BS_CK204_2012-11-06_A12_096.fsa	INDEL_5786	162		0.9	0.4383	161.76		4419		18923.0		0.0	false	false	0.0	0.0	1.0	0.0	0.0	0.0	0.0	0.0	0.0	-2.0	
BS_CK205_2012-11-06_B01_013.fsa	INDEL_5786	162		0.9	0.4383	161.59		7418		28539.0		0.0	false	false	0.0	0.0	1.0	0.0	0.0	0.0	0.0	0.0	0.0	-2.0	
BS_CK206_2012-11-06_B02_014.fsa	INDEL_5786	162		1.0	0.347	161.61		4604		18740.0		0.0	false	false	0.0	0.0	1.0	0.0	0.0	0.0	0.0	0.0	0.0	-2.0	
BS_CK207_2012-11-06_B03_029.fsa	INDEL_5786	162		0.9	0.4383	161.64		4066		17639.0		0.0	false	false	0.0	0.0	1.0	0.0	0.0	0.0	0.0	0.0	0.0	-2.0	
BS_CK208_2012-11-06_B04_030.fsa	INDEL_5786	162		0.9	0.4383	161.45		3490		14648.0		0.0	false	false	0.0	0.0	1.0	0.0	0.0	0.0	0.0	0.0	0.0	-2.0	
BS_CK209_2012-11-06_B05_045.fsa	INDEL_5786	162		0.9	0.4383	161.45		4994		20217.0		0.0	false	false	0.0	0.0	1.0	0.0	0.0	0.0	0.0	0.0	0.0	-2.0	
BS_CK210_2012-11-06_B06_046.fsa	INDEL_5786	153	162	0.9	0.4383	152.27	161.29	3733	2634	17364.0	12646.0	0.0	false	false	0.0	0.0	1.0	0.0	0.0	0.0	0.0	0.0	0.0	0.0	
BS_CK211_2012-11-06_H11_081.fsa	INDEL_5786	153		0.9	0.4383	152.37		8919		37896.0		0.0	false	false	0.0	0.0	1.0	0.0	0.0	0.0	0.0	0.0	0.0	-2.0	
BS_CK212_2012-11-06_B08_062.fsa	INDEL_5786	162		0.9	0.4383	161.46		10264		41464.0		1.0	false	false	0.0	0.0	1.0	0.0	0.0	0.0	0.0	0.0	0.0	-2.0	
BS_CK213_2012-11-06_B09_077.fsa	INDEL_5786	162		0.9	0.4383	161.42		9879		42176.0		0.0	false	false	0.0	0.0	1.0	0.0	0.0	0.0	0.0	0.0	0.0	-2.0	
BS_CK214_2012-11-06_B10_078.fsa	INDEL_5786	153	162	0.9	0.3123	152.23	161.27	3637	2528	14380.0	10601.0	0.0	false	false	0.0	0.0	1.0	0.0	0.0	0.0	0.0	0.0	0.0	0.0	
BS_CK215_2012-11-06_B11_093.fsa	INDEL_5786	153	162	0.9	0.3123	152.04	161.6	6628	4543	28823.0	20127.0	0.0	false	false	0.0	0.0	1.0	0.0	0.0	0.0	0.0	0.0	0.0	0.0	
BS_CK216_2012-11-06_B12_094.fsa	INDEL_5786	162		0.9	0.4383	161.61		5581		24768.0		0.0	false	false	0.0	0.0	1.0	0.0	0.0	0.0	0.0	0.0	0.0	-2.0	
BS_CK217_2012-11-06_C01_011.fsa	INDEL_5786	162		0.9	0.3123	161.76		9002		37196.0		0.0	false	false	0.0	0.0	1.0	0.0	0.0	0.0	0.0	0.0	0.0	-2.0	
BS_CK218_2012-11-06_C02_012.fsa	INDEL_5786	162		0.9	0.4383	161.43		7393		28641.0		0.0	false	false	0.0	0.0	1.0	0.0	0.0	0.0	0.0	0.0	0.0	-2.0	
BS_CK219_2012-11-06_C03_027.fsa	INDEL_5786	162		0.9	0.4383	161.45		5565		21753.0		0.0	false	false	0.0	0.0	1.0	0.0	0.0	0.0	0.0	0.0	0.0	-2.0	
BS_CK220_2012-11-06_C04_028.fsa	INDEL_5786	162		0.9	0.4383	161.45		6581		25542.0		0.0	false	false	0.0	0.0	1.0	0.0	0.0	0.0	0.0	0.0	0.0	-2.0	
BS_CK221_2012-11-06_C05_043.fsa	INDEL_5786	153	162	0.9	0.3123	152.08	161.47	6200	4376	25344.0	17626.0	0.0	false	false	0.0	0.0	1.0	0.0	0.0	0.0	0.0	0.0	0.0	0.0	
BS_CK222_2012-11-06_C06_044.fsa	INDEL_5786	162		0.9	0.4383	161.48		6729		26949.0		0.0	false	false	0.0	0.0	1.0	0.0	0.0	0.0	0.0	0.0	0.0	-2.0	
BS_CK223_2012-11-06_C07_059.fsa	INDEL_5786	162		0.9	0.4383	161.46		12351		49305.0		0.0	false	false	0.0	0.0	1.0	0.0	0.0	0.0	0.0	0.0	0.0	-2.0	
BS_CK224_2012-11-06_C08_060.fsa	INDEL_5786	162		0.9	0.4383	161.29		9444		39256.0		0.0	false	false	0.0	0.0	1.0	0.0	0.0	0.0	0.0	0.0	0.0	-2.0	
BS_CK225_2012-11-06_C09_075.fsa	INDEL_5786	162		0.81	0.3945	161.3		12207		52180.0		1.0	false	false	0.0	0.0	1.0	0.0	0.0	0.0	0.0	0.0	0.0	-2.0	
BS_CK226_2012-11-06_C10_076.fsa	INDEL_5786	162		0.9	0.4383	161.47		7545		31732.0		1.0	false	false	0.0	0.0	1.0	0.0	0.0	0.0	0.0	0.0	0.0	-2.0	
BS_CK227_2012-11-06_C11_091.fsa	INDEL_5786			0.9	1.0							0.0	true	false	-4.0	-4.0	-4.0	-4.0	-1.0	-4.0	-4.0	-4.0	-1.0	-2.0	
BS_CK228_2012-11-06_C12_092.fsa	INDEL_5786	162		0.9	0.3123	161.6		3579		15577.0		0.0	false	false	0.0	0.0	1.0	0.0	0.0	0.0	0.0	0.0	0.0	-2.0	
BS_CK229_2012-11-06_D01_009.fsa	INDEL_5786	162		0.9	0.4383	161.59		5626		22066.0		0.0	false	false	0.0	0.0	1.0	0.0	0.0	0.0	0.0	0.0	0.0	-2.0	
BS_CK230_2012-11-06_D02_010.fsa	INDEL_5786	162		0.9	0.4383	161.44		8935		34743.0		0.0	false	false	0.0	0.0	1.0	0.0	0.0	0.0	0.0	0.0	0.0	-2.0	
BS_CK231_2012-11-06_D03_025.fsa	INDEL_5786	162		0.9	0.4383	161.45		5834		22462.0		0.0	false	false	0.0	0.0	1.0	0.0	0.0	0.0	0.0	0.0	0.0	-2.0	
BS_CK232_2012-11-06_D04_026.fsa	INDEL_5786	162		0.9	0.4383	161.44		1392		5570.0		0.0	false	false	0.0	0.0	1.0	0.0	0.0	0.0	0.0	0.0	0.0	-2.0	
BS_CK233_2012-11-06_D05_041.fsa	INDEL_5786	162		0.9	0.4383	161.47		6735		26296.0		0.0	false	false	0.0	0.0	1.0	0.0	0.0	0.0	0.0	0.0	0.0	-2.0	
BS_CK234_2012-11-06_D06_042.fsa	INDEL_5786	162		0.9	0.4383	161.45		5266		21224.0		0.0	false	false	0.0	0.0	1.0	0.0	0.0	0.0	0.0	0.0	0.0	-2.0	
BS_CK235_2012-11-06_D07_057.fsa	INDEL_5786	162		0.9	0.4383	161.48		5691		23318.0		0.0	false	false	0.0	0.0	1.0	0.0	0.0	0.0	0.0	0.0	0.0	-2.0	
BS_CK236_2012-11-06_D08_058.fsa	INDEL_5786	162		0.9	0.4383	161.47		4699		19320.0		0.0	false	false	0.0	0.0	1.0	0.0	0.0	0.0	0.0	0.0	0.0	-2.0	
BS_CK237_2012-11-06_D09_073.fsa	INDEL_5786	153	162	0.9	0.3123	152.07	161.28	4937	3575	21266.0	16280.0	0.0	false	false	0.0	0.0	1.0	0.0	0.0	0.0	0.0	0.0	0.0	0.0	
BS_CK238_2012-11-06_D10_074.fsa	INDEL_5786	153	162	0.9	0.4383	152.27	161.29	3995	2528	15831.0	11087.0	0.0	false	false	0.0	0.0	1.0	0.0	0.0	0.0	0.0	0.0	0.0	0.0	
BS_CK239_2012-11-06_D11_089.fsa	INDEL_5786	162		0.9	0.8766	161.44		1495		6172.0		0.0	false	false	0.0	0.0	0.0	0.0	0.0	0.0	0.0	0.0	0.0	-2.0	
BS_CK240_2012-11-06_D12_090.fsa	INDEL_5786	162		0.9	0.4383	161.44		6923		28053.0		0.0	false	false	0.0	0.0	1.0	0.0	0.0	0.0	0.0	0.0	0.0	-2.0	
BS_CK241_2012-11-06_E01_007.fsa	INDEL_5786	162		0.9	0.4383	161.75		6829		26900.0		0.0	false	false	0.0	0.0	1.0	0.0	0.0	0.0	0.0	0.0	0.0	-2.0	
BS_CK242_2012-11-06_E02_008.fsa	INDEL_5786	153	162	0.9	0.4383	152.18	161.42	5040	4267	20309.0	16984.0	0.0	false	false	0.0	0.0	1.0	0.0	0.0	0.0	0.0	0.0	0.0	0.0	
BS_CK243_2012-11-06_E03_023.fsa	INDEL_5786	162		0.9	0.4383	161.64		7876		30862.0		0.0	false	false	0.0	0.0	1.0	0.0	0.0	0.0	0.0	0.0	0.0	-2.0	
BS_CK244_2012-11-06_E04_024.fsa	INDEL_5786	162		0.9	0.3123	161.28		5071		20154.0		0.0	false	false	0.0	0.0	1.0	0.0	0.0	0.0	0.0	0.0	0.0	-2.0	
BS_CK245_2012-11-06_E05_039.fsa	INDEL_5786	162		0.9	0.4383	161.46		5393		21631.0		0.0	false	false	0.0	0.0	1.0	0.0	0.0	0.0	0.0	0.0	0.0	-2.0	
BS_CK246_2012-11-06_E06_040.fsa	INDEL_5786	162		0.9	0.3123	161.28		6252		25942.0		0.0	false	false	0.0	0.0	1.0	0.0	0.0	0.0	0.0	0.0	0.0	-2.0	
BS_CK247_2012-11-06_E07_055.fsa	INDEL_5786	162		0.9	0.4383	161.46		5949		25116.0		0.0	false	false	0.0	0.0	1.0	0.0	0.0	0.0	0.0	0.0	0.0	-2.0	
BS_CK248_2012-11-06_E08_056.fsa	INDEL_5786	153	162	0.9	0.4383	152.08	161.29	6672	5284	27677.0	21219.0	1.0	false	false	0.0	0.0	1.0	0.0	0.0	0.0	0.0	0.0	0.0	0.0	
BS_CK249_2012-11-06_E09_071.fsa	INDEL_5786	162		0.81	0.281	161.28		11094		45079.0		1.0	false	false	0.0	0.0	1.0	0.0	0.0	0.0	0.0	0.0	0.0	-2.0	
BS_CK250_2012-11-06_E10_072.fsa	INDEL_5786	162		0.9	0.4383	161.28		7751		32193.0		0.0	false	false	0.0	0.0	1.0	0.0	0.0	0.0	0.0	0.0	0.0	-2.0	
BS_CK251_2012-11-06_E11_087.fsa	INDEL_5786	162		0.9	0.4383	161.43		8369		35741.0		0.0	false	false	0.0	0.0	1.0	0.0	0.0	0.0	0.0	0.0	0.0	-2.0	
BS_CK252_2012-11-06_E12_088.fsa	INDEL_5786	162		0.9	0.6939	161.61		6491		29951.0		0.0	false	false	0.0	0.0	0.0	0.0	0.0	0.0	0.0	0.0	0.0	-2.0	
BS_CK253_2012-11-06_F01_005.fsa	INDEL_5786	162		0.9	0.4383	161.76		6660		26507.0		0.0	false	false	0.0	0.0	1.0	0.0	0.0	0.0	0.0	0.0	0.0	-2.0	
BS_CK254_2012-11-06_F02_006.fsa	INDEL_5786	162		0.9	0.4383	161.6		9628		36242.0		0.0	false	false	0.0	0.0	1.0	0.0	0.0	0.0	0.0	0.0	0.0	-2.0	
BS_CK255_2012-11-06_F03_021.fsa	INDEL_5786	162		0.9	0.4383	161.64		5992		23860.0		0.0	false	false	0.0	0.0	1.0	0.0	0.0	0.0	0.0	0.0	0.0	-2.0	
BS_CK256_2012-11-06_F04_022.fsa	INDEL_5786	162		1.0	0.487	161.42		7068		29327.0		0.0	false	false	0.0	0.0	1.0	0.0	0.0	0.0	0.0	0.0	0.0	-2.0	
BS_CK257_2012-11-06_F05_037.fsa	INDEL_5786	162		0.9	0.4383	161.47		5196		21430.0		0.0	false	false	0.0	0.0	1.0	0.0	0.0	0.0	0.0	0.0	0.0	-2.0	
BS_CK258_2012-11-06_F06_038.fsa	INDEL_5786	162		0.9	0.3123	161.27		3971		16491.0		0.0	false	false	0.0	0.0	1.0	0.0	0.0	0.0	0.0	0.0	0.0	-2.0	
BS_CK259_2012-11-06_F07_053.fsa	INDEL_5786	162		0.9	0.3123	161.27		4568		22344.0		0.0	false	false	0.0	0.0	1.0	0.0	0.0	0.0	0.0	0.0	0.0	-2.0	
BS_CK260_2012-11-06_F08_054.fsa	INDEL_5786	162		0.9	0.4383	161.46		6681		26644.0		0.0	false	false	0.0	0.0	1.0	0.0	0.0	0.0	0.0	0.0	0.0	-2.0	
BS_CK261_2012-11-06_F09_069.fsa	INDEL_5786	162		0.9	0.4383	161.45		7249		29247.0		0.0	false	false	0.0	0.0	1.0	0.0	0.0	0.0	0.0	0.0	0.0	-2.0	
BS_CK262_2012-11-06_F10_070.fsa	INDEL_5786	162		0.9	0.3123	161.27		4154		18167.0		0.0	false	false	0.0	0.0	1.0	0.0	0.0	0.0	0.0	0.0	0.0	-2.0	
BS_CK263_2012-11-06_F11_085.fsa	INDEL_5786	162		0.9	0.4383	161.45		6462		32526.0		0.0	false	false	0.0	0.0	1.0	0.0	0.0	0.0	0.0	0.0	0.0	-2.0	
BS_CK264_2012-11-06_F12_086.fsa	INDEL_5786	162		0.9	0.4383	161.44		8238		34971.0		1.0	false	false	0.0	0.0	1.0	0.0	0.0	0.0	0.0	0.0	0.0	-2.0	
BS_CK265_2012-11-06_G01_003.fsa	INDEL_5786	162		0.9	0.4383	161.56		7526		30347.0		0.0	false	false	0.0	0.0	1.0	0.0	0.0	0.0	0.0	0.0	0.0	-2.0	
BS_CK266_2012-11-06_G02_004.fsa	INDEL_5786	162		0.9	0.4383	161.59		5873		22790.0		0.0	false	false	0.0	0.0	1.0	0.0	0.0	0.0	0.0	0.0	0.0	-2.0	
BS_CK267_2012-11-06_G03_019.fsa	INDEL_5786	162		0.9	0.4383	161.62		6410		24206.0		0.0	false	false	0.0	0.0	1.0	0.0	0.0	0.0	0.0	0.0	0.0	-2.0	
BS_CK268_2012-11-06_G04_020.fsa	INDEL_5786	162		0.9	0.4383	161.62		6332		25061.0		0.0	false	false	0.0	0.0	1.0	0.0	0.0	0.0	0.0	0.0	0.0	-2.0	
BS_CK269_2012-11-06_G05_035.fsa	INDEL_5786	162		0.9	0.4383	161.44		8554		32580.0		0.0	false	false	0.0	0.0	1.0	0.0	0.0	0.0	0.0	0.0	0.0	-2.0	
BS_CK270_2012-11-06_G06_036.fsa	INDEL_5786	162		0.9	0.3123	161.27		5982		23800.0		0.0	false	false	0.0	0.0	1.0	0.0	0.0	0.0	0.0	0.0	0.0	-2.0	
BS_CK271_2012-11-06_G07_051.fsa	INDEL_5786	162		0.9	0.4383	161.44		12436		49741.0		1.0	false	false	0.0	0.0	1.0	0.0	0.0	0.0	0.0	0.0	0.0	-2.0	
BS_CK272_2012-11-06_G08_052.fsa	INDEL_5786	162		0.9	0.4383	161.46		12223		48036.0		0.0	false	false	0.0	0.0	1.0	0.0	0.0	0.0	0.0	0.0	0.0	-2.0	
BS_CK273_2012-11-06_H12_082.fsa	INDEL_5786	162		0.9	0.8766	161.59		2786		12341.0		0.0	false	false	0.0	0.0	0.0	0.0	0.0	0.0	0.0	0.0	0.0	-2.0	
BS_CK274_2012-11-06_G10_068.fsa	INDEL_5786	162		0.9	0.4383	161.46		9158		38473.0		1.0	false	false	0.0	0.0	1.0	0.0	0.0	0.0	0.0	0.0	0.0	-2.0	
BS_CK275_2012-11-06_G11_083.fsa	INDEL_5786	162		0.81	0.3945	161.43		13738		56395.0		1.0	false	false	0.0	0.0	1.0	0.0	0.0	0.0	0.0	0.0	0.0	-2.0	
BS_CK276_2012-11-06_G12_084.fsa	INDEL_5786	153	162	0.9	0.4383	152.41	161.61	4871	3068	20900.0	13505.0	0.0	false	false	0.0	0.0	1.0	0.0	0.0	0.0	0.0	0.0	0.0	0.0	
BS_CK277_2012-11-06_H01_001.fsa	INDEL_5786	162		0.9	0.4383	161.72		3485		13782.0		0.0	false	false	0.0	0.0	1.0	0.0	0.0	0.0	0.0	0.0	0.0	-2.0	
BS_CK278_2012-11-06_H02_002.fsa	INDEL_5786	162		0.9	0.4383	161.56		6826		27167.0		0.0	false	false	0.0	0.0	1.0	0.0	0.0	0.0	0.0	0.0	0.0	-2.0	
BS_CK279_2012-11-06_H03_017.fsa	INDEL_5786	162		0.9	0.4383	161.59		7907		30656.0		0.0	false	false	0.0	0.0	1.0	0.0	0.0	0.0	0.0	0.0	0.0	-2.0	
BS_CK280_2012-11-06_H04_018.fsa	INDEL_5786	162		0.9	0.4383	161.42		3486		14057.0		0.0	false	false	0.0	0.0	1.0	0.0	0.0	0.0	0.0	0.0	0.0	-2.0	
BS_CK281_2012-11-06_H05_033.fsa	INDEL_5786	162		0.9	0.4383	161.44		3569		13922.0		0.0	false	false	0.0	0.0	1.0	0.0	0.0	0.0	0.0	0.0	0.0	-2.0	
BS_CK282_2012-11-06_H06_034.fsa	INDEL_5786	162		0.9	0.4383	161.44		3172		12431.0		0.0	false	false	0.0	0.0	1.0	0.0	0.0	0.0	0.0	0.0	0.0	-2.0	
BS_CK283_2012-11-06_H07_049.fsa	INDEL_5786	162		0.9	0.4383	161.43		6288		25249.0		0.0	false	false	0.0	0.0	1.0	0.0	0.0	0.0	0.0	0.0	0.0	-2.0	
BS_CK284_2012-11-06_H08_050.fsa	INDEL_5786	162		0.9	0.4383	161.44		5692		22182.0		0.0	false	false	0.0	0.0	1.0	0.0	0.0	0.0	0.0	0.0	0.0	-2.0	
BS_CK285_2012-11-06_H09_065.fsa	INDEL_5786	162		0.9	0.3123	161.44		6209		27141.0		0.0	false	false	0.0	0.0	1.0	0.0	0.0	0.0	0.0	0.0	0.0	-2.0	
BS_CK286_2012-11-06_H10_066.fsa	INDEL_5786	162		0.9	0.4383	161.6		6186		25808.0		0.0	false	false	0.0	0.0	1.0	0.0	0.0	0.0	0.0	0.0	0.0	-2.0	
BLANK_2012-11-06_B07_061.fsa	INDEL_5787			0.0	0.0							1.0	false	false	-2.0	-2.0	-2.0	-2.0	-2.0	-2.0	-2.0	-2.0	-2.0	-2.0	
BLANK_2012-11-06_G09_067.fsa	INDEL_5787			0.0	0.0							0.0	false	false	-2.0	-2.0	-2.0	-2.0	-2.0	-2.0	-2.0	-2.0	-2.0	-2.0	
BS_CK193_2012-11-06_A01_015.fsa	INDEL_5787	133		0.9	0.3123	134.45		11774		49904.0		0.0	false	false	0.0	0.0	1.0	0.0	0.0	0.0	0.0	0.0	0.0	-2.0	
BS_CK194_2012-11-06_A02_016.fsa	INDEL_5787	133		1.0	0.347	134.43		8922		35804.0		0.0	false	false	0.0	0.0	1.0	0.0	0.0	0.0	0.0	0.0	0.0	-2.0	
BS_CK195_2012-11-06_A03_031.fsa	INDEL_5787	133		0.9	0.3123	134.1		10380		42576.0		0.0	false	false	0.0	0.0	1.0	0.0	0.0	0.0	0.0	0.0	0.0	-2.0	
BS_CK196_2012-11-06_A04_032.fsa	INDEL_5787	131	133	0.9	0.3123	130.76	134.17	5276	5010	21499.0	19867.0	0.0	false	false	0.0	0.0	1.0	0.0	0.0	0.0	0.0	0.0	0.0	0.0	
BS_CK197_2012-11-06_A05_047.fsa	INDEL_5787			0.0	0.0							1.0	false	false	-2.0	-2.0	-2.0	-2.0	-2.0	-2.0	-2.0	-2.0	-2.0	-2.0	
BS_CK198_2012-11-06_A06_048.fsa	INDEL_5787	133		0.9	0.3123	134.36		10313		43097.0		0.0	false	false	0.0	0.0	1.0	0.0	0.0	0.0	0.0	0.0	0.0	-2.0	
BS_CK199_2012-11-06_A07_063.fsa	INDEL_5787	133		0.9	0.3123	134.27		8510		33196.0		0.0	false	false	0.0	0.0	1.0	0.0	0.0	0.0	0.0	0.0	0.0	-2.0	
BS_CK200_2012-11-06_A08_064.fsa	INDEL_5787	133		0.9	0.3123	134.16		11723		47761.0		0.0	false	false	0.0	0.0	1.0	0.0	0.0	0.0	0.0	0.0	0.0	-2.0	
BS_CK201_2012-11-06_A09_079.fsa	INDEL_5787			0.0	0.0							1.0	false	false	-2.0	-2.0	-2.0	-2.0	-2.0	-2.0	-2.0	-2.0	-2.0	-2.0	
BS_CK202_2012-11-06_A10_080.fsa	INDEL_5787	131	133	0.9	0.3123	130.63	134.09	6621	6125	25908.0	24475.0	0.0	false	false	0.0	0.0	1.0	0.0	0.0	0.0	0.0	0.0	0.0	0.0	
BS_CK203_2012-11-06_A11_095.fsa	INDEL_5787	131		0.9	0.3123	130.6		16960		72253.0		0.0	false	false	0.0	0.0	1.0	0.0	0.0	0.0	0.0	0.0	0.0	-2.0	
BS_CK204_2012-11-06_A12_096.fsa	INDEL_5787	133		0.9	0.3123	134.52		5933		26292.0		0.0	false	false	0.0	0.0	1.0	0.0	0.0	0.0	0.0	0.0	0.0	-2.0	
BS_CK205_2012-11-06_B01_013.fsa	INDEL_5787	131	133	0.9	0.3123	130.81	134.2	6309	7000	26455.0	27111.0	0.0	false	false	0.0	0.0	1.0	0.0	0.0	0.0	0.0	0.0	0.0	0.0	
BS_CK206_2012-11-06_B02_014.fsa	INDEL_5787	133		1.0	0.347	134.43		10783		43091.0		0.0	false	false	0.0	0.0	1.0	0.0	0.0	0.0	0.0	0.0	0.0	-2.0	
BS_CK207_2012-11-06_B03_029.fsa	INDEL_5787	133		0.9	0.3123	134.28		9646		40860.0		0.0	false	false	0.0	0.0	1.0	0.0	0.0	0.0	0.0	0.0	0.0	-2.0	
BS_CK208_2012-11-06_B04_030.fsa	INDEL_5787	131	133	0.9	0.3123	130.63	134.09	4592	5007	18856.0	21194.0	0.0	false	false	0.0	0.0	1.0	0.0	0.0	0.0	0.0	0.0	0.0	0.0	
BS_CK209_2012-11-06_B05_045.fsa	INDEL_5787	133		0.9	0.3123	134.16		9589		38945.0		0.0	false	false	0.0	0.0	1.0	0.0	0.0	0.0	0.0	0.0	0.0	-2.0	
BS_CK210_2012-11-06_B06_046.fsa	INDEL_5787	131		0.9	0.4383	130.78		10658		47622.0		0.0	false	false	0.0	0.0	1.0	0.0	0.0	0.0	0.0	0.0	0.0	-2.0	
BS_CK211_2012-11-06_H11_081.fsa	INDEL_5787	133		0.9	0.3123	134.19		14719		61851.0		0.0	false	false	0.0	0.0	1.0	0.0	0.0	0.0	0.0	0.0	0.0	-2.0	
BS_CK212_2012-11-06_B08_062.fsa	INDEL_5787	133		0.9	0.1561	134.15		19625		78316.0		1.0	false	false	0.0	0.0	1.0	0.0	0.0	0.0	0.0	0.0	0.0	-2.0	
BS_CK213_2012-11-06_B09_077.fsa	INDEL_5787	131	133	0.9	0.3123	130.7	134.25	10353	10498	42696.0	44600.0	0.0	false	false	0.0	0.0	1.0	0.0	0.0	0.0	0.0	0.0	0.0	0.0	
BS_CK214_2012-11-06_B10_078.fsa	INDEL_5787	131	133	0.9	0.3123	130.61	134.08	5795	5621	22813.0	22262.0	0.0	false	false	0.0	0.0	1.0	0.0	0.0	0.0	0.0	0.0	0.0	0.0	
BS_CK215_2012-11-06_B11_093.fsa	INDEL_5787	133		0.9	0.3123	134.25		17692		75788.0		0.0	false	false	0.0	0.0	1.0	0.0	0.0	0.0	0.0	0.0	0.0	-2.0	
BS_CK216_2012-11-06_B12_094.fsa	INDEL_5787	133		0.9	0.3123	134.43		11652		53623.0		0.0	false	false	0.0	0.0	1.0	0.0	0.0	0.0	0.0	0.0	0.0	-2.0	
BS_CK217_2012-11-06_C01_011.fsa	INDEL_5787	133		0.9	0.3123	134.45		13951		55268.0		0.0	false	false	0.0	0.0	1.0	0.0	0.0	0.0	0.0	0.0	0.0	-2.0	
BS_CK218_2012-11-06_C02_012.fsa	INDEL_5787	133		0.9	0.3123	134.36		14341		55092.0		0.0	false	false	0.0	0.0	1.0	0.0	0.0	0.0	0.0	0.0	0.0	-2.0	
BS_CK219_2012-11-06_C03_027.fsa	INDEL_5787	131	133	0.9	0.3123	130.82	134.29	6787	6906	26426.0	26190.0	0.0	false	false	0.0	0.0	1.0	0.0	0.0	0.0	0.0	0.0	0.0	0.0	
BS_CK220_2012-11-06_C04_028.fsa	INDEL_5787	133		0.9	0.3123	134.09		12824		50973.0		0.0	false	false	0.0	0.0	1.0	0.0	0.0	0.0	0.0	0.0	0.0	-2.0	
BS_CK221_2012-11-06_C05_043.fsa	INDEL_5787	133		0.9	0.3123	134.08		18831		78442.0		0.0	false	false	0.0	0.0	1.0	0.0	0.0	0.0	0.0	0.0	0.0	-2.0	
BS_CK222_2012-11-06_C06_044.fsa	INDEL_5787	133		0.9	0.3123	134.0		17853		71806.0		0.0	false	false	0.0	0.0	1.0	0.0	0.0	0.0	0.0	0.0	0.0	-2.0	
BS_CK223_2012-11-06_C07_059.fsa	INDEL_5787	133		0.9	0.3123	134.08		28087		114395.0		0.0	false	false	0.0	0.0	1.0	0.0	0.0	0.0	0.0	0.0	0.0	-2.0	
BS_CK224_2012-11-06_C08_060.fsa	INDEL_5787	133		0.9	0.3123	134.0		20546		81616.0		0.0	false	false	0.0	0.0	1.0	0.0	0.0	0.0	0.0	0.0	0.0	-2.0	
BS_CK225_2012-11-06_C09_075.fsa	INDEL_5787	137		0.81	0.281	135.91		18641		76119.0		1.0	false	false	0.0	0.0	1.0	0.0	0.0	0.0	0.0	0.0	0.0	-2.0	
BS_CK226_2012-11-06_C10_076.fsa	INDEL_5787	133		0.9	0.1561	134.26		13083		53852.0		1.0	false	false	0.0	0.0	1.0	0.0	0.0	0.0	0.0	0.0	0.0	-2.0	
BS_CK227_2012-11-06_C11_091.fsa	INDEL_5787			0.9	1.0							0.0	true	false	-4.0	-4.0	-1.0	-4.0	-4.0	-4.0	-4.0	-4.0	-1.0	-2.0	
BS_CK228_2012-11-06_C12_092.fsa	INDEL_5787	131	133	0.9	0.3123	130.79	134.19	4007	3945	16885.0	15965.0	0.0	false	false	0.0	0.0	1.0	0.0	0.0	0.0	0.0	0.0	0.0	0.0	
BS_CK229_2012-11-06_D01_009.fsa	INDEL_5787	131	133	0.9	0.3123	130.92	134.26	7262	6838	28246.0	26865.0	0.0	false	false	0.0	0.0	1.0	0.0	0.0	0.0	0.0	0.0	0.0	0.0	
BS_CK230_2012-11-06_D02_010.fsa	INDEL_5787	133		0.9	0.3123	134.17		16391		65452.0		0.0	false	false	0.0	0.0	1.0	0.0	0.0	0.0	0.0	0.0	0.0	-2.0	
BS_CK231_2012-11-06_D03_025.fsa	INDEL_5787	133		0.9	0.3123	134.35		10510		41187.0		0.0	false	false	0.0	0.0	1.0	0.0	0.0	0.0	0.0	0.0	0.0	-2.0	
BS_CK232_2012-11-06_D04_026.fsa	INDEL_5787			0.9	1.0							0.0	true	false	-4.0	-4.0	-4.0	-4.0	-4.0	-4.0	-4.0	-4.0	-4.0	-2.0	
BS_CK233_2012-11-06_D05_041.fsa	INDEL_5787	133		0.9	0.3123	134.27		11498		44476.0		0.0	false	false	0.0	0.0	1.0	0.0	0.0	0.0	0.0	0.0	0.0	-2.0	
BS_CK234_2012-11-06_D06_042.fsa	INDEL_5787	131		0.9	0.4383	130.72		14437		58551.0		0.0	false	false	0.0	0.0	1.0	0.0	0.0	0.0	0.0	0.0	0.0	-2.0	
BS_CK235_2012-11-06_D07_057.fsa	INDEL_5787	131		0.9	0.4383	130.67		11040		46514.0		0.0	false	false	0.0	0.0	1.0	0.0	0.0	0.0	0.0	0.0	0.0	-2.0	
BS_CK236_2012-11-06_D08_058.fsa	INDEL_5787	131		0.9	0.4383	130.47		10709		41551.0		0.0	false	false	0.0	0.0	1.0	0.0	0.0	0.0	0.0	0.0	0.0	-2.0	
BS_CK237_2012-11-06_D09_073.fsa	INDEL_5787	131	133	0.9	0.3123	130.69	134.14	7172	6836	33317.0	29294.0	0.0	false	false	0.0	0.0	1.0	0.0	0.0	0.0	0.0	0.0	0.0	0.0	
BS_CK238_2012-11-06_D10_074.fsa	INDEL_5787	133		0.9	0.3123	134.01		11950		48575.0		0.0	false	false	0.0	0.0	1.0	0.0	0.0	0.0	0.0	0.0	0.0	-2.0	
BS_CK239_2012-11-06_D11_089.fsa	INDEL_5787			0.9	1.0							0.0	true	false	-4.0	-4.0	-1.0	-4.0	-4.0	-4.0	-4.0	-4.0	-4.0	-2.0	
BS_CK240_2012-11-06_D12_090.fsa	INDEL_5787	133		0.9	0.3123	134.17		14382		60654.0		0.0	false	false	0.0	0.0	1.0	0.0	0.0	0.0	0.0	0.0	0.0	-2.0	
BS_CK241_2012-11-06_E01_007.fsa	INDEL_5787	133		0.9	0.3123	134.52		13959		53695.0		0.0	false	false	0.0	0.0	1.0	0.0	0.0	0.0	0.0	0.0	0.0	-2.0	
BS_CK242_2012-11-06_E02_008.fsa	INDEL_5787	131	133	0.9	0.3123	130.88	134.43	9863	8868	37909.0	33550.0	0.0	false	false	0.0	0.0	1.0	0.0	0.0	0.0	0.0	0.0	0.0	0.0	
BS_CK243_2012-11-06_E03_023.fsa	INDEL_5787	131	133	0.9	0.3123	130.92	134.35	7633	7571	29524.0	28379.0	0.0	false	false	0.0	0.0	1.0	0.0	0.0	0.0	0.0	0.0	0.0	0.0	
BS_CK244_2012-11-06_E04_024.fsa	INDEL_5787	131	133	0.9	0.3123	130.79	134.27	6189	5170	23871.0	19368.0	0.0	false	false	0.0	0.0	1.0	0.0	0.0	0.0	0.0	0.0	0.0	0.0	
BS_CK245_2012-11-06_E05_039.fsa	INDEL_5787	133		0.9	0.3123	134.27		10762		42230.0		0.0	false	false	0.0	0.0	1.0	0.0	0.0	0.0	0.0	0.0	0.0	-2.0	
BS_CK246_2012-11-06_E06_040.fsa	INDEL_5787	133		0.9	0.3123	134.33		13890		53996.0		0.0	false	false	0.0	0.0	1.0	0.0	0.0	0.0	0.0	0.0	0.0	-2.0	
BS_CK247_2012-11-06_E07_055.fsa	INDEL_5787	131	133	0.9	0.3123	130.6	134.08	7939	7969	32186.0	30780.0	0.0	false	false	0.0	0.0	1.0	0.0	0.0	0.0	0.0	0.0	0.0	0.0	
BS_CK248_2012-11-06_E08_056.fsa	INDEL_5787	131	133	0.9	0.1561	130.76	134.06	10001	9812	40209.0	40194.0	1.0	false	false	0.0	0.0	1.0	0.0	0.0	0.0	0.0	0.0	0.0	0.0	
BS_CK249_2012-11-06_E09_071.fsa	INDEL_5787	137		0.81	0.281	135.93		19730		78460.0		1.0	false	false	0.0	0.0	1.0	0.0	0.0	0.0	0.0	0.0	0.0	-2.0	
BS_CK250_2012-11-06_E10_072.fsa	INDEL_5787	133		0.9	0.3123	134.07		13411		54320.0		0.0	false	false	0.0	0.0	1.0	0.0	0.0	0.0	0.0	0.0	0.0	-2.0	
BS_CK251_2012-11-06_E11_087.fsa	INDEL_5787	133		0.9	0.3123	134.23		16837		73214.0		0.0	false	false	0.0	0.0	1.0	0.0	0.0	0.0	0.0	0.0	0.0	-2.0	
BS_CK252_2012-11-06_E12_088.fsa	INDEL_5787	133		0.9	0.3123	134.42		13260		53761.0		0.0	false	false	0.0	0.0	1.0	0.0	0.0	0.0	0.0	0.0	0.0	-2.0	
BS_CK253_2012-11-06_F01_005.fsa	INDEL_5787	133		0.9	0.3123	134.28		13238		49828.0		0.0	false	false	0.0	0.0	1.0	0.0	0.0	0.0	0.0	0.0	0.0	-2.0	
BS_CK254_2012-11-06_F02_006.fsa	INDEL_5787	133		0.9	0.3123	134.26		17348		66051.0		0.0	false	false	0.0	0.0	1.0	0.0	0.0	0.0	0.0	0.0	0.0	-2.0	
BS_CK255_2012-11-06_F03_021.fsa	INDEL_5787	133		0.9	0.3123	134.35		13183		49981.0		0.0	false	false	0.0	0.0	1.0	0.0	0.0	0.0	0.0	0.0	0.0	-2.0	
BS_CK256_2012-11-06_F04_022.fsa	INDEL_5787	133		1.0	0.347	134.19		15977		64618.0		0.0	false	false	0.0	0.0	1.0	0.0	0.0	0.0	0.0	0.0	0.0	-2.0	
BS_CK257_2012-11-06_F05_037.fsa	INDEL_5787	133		0.9	0.3123	134.08		4161		17507.0		0.0	false	false	0.0	0.0	1.0	0.0	0.0	0.0	0.0	0.0	0.0	-2.0	
BS_CK258_2012-11-06_F06_038.fsa	INDEL_5787	131	133	0.9	0.3123	130.79	134.27	4337	5108	17988.0	21420.0	0.0	false	false	0.0	0.0	1.0	0.0	0.0	0.0	0.0	0.0	0.0	0.0	
BS_CK259_2012-11-06_F07_053.fsa	INDEL_5787	133		0.9	0.3123	134.09		10178		48154.0		0.0	false	false	0.0	0.0	1.0	0.0	0.0	0.0	0.0	0.0	0.0	-2.0	
BS_CK260_2012-11-06_F08_054.fsa	INDEL_5787	133		0.9	0.3123	134.08		13572		54151.0		0.0	false	false	0.0	0.0	1.0	0.0	0.0	0.0	0.0	0.0	0.0	-2.0	
BS_CK261_2012-11-06_F09_069.fsa	INDEL_5787	131	133	0.9	0.3123	130.72	134.15	8259	7697	32457.0	30748.0	0.0	false	false	0.0	0.0	1.0	0.0	0.0	0.0	0.0	0.0	0.0	0.0	
BS_CK262_2012-11-06_F10_070.fsa	INDEL_5787	133		0.9	0.3123	134.09		7986		33224.0		0.0	false	false	0.0	0.0	1.0	0.0	0.0	0.0	0.0	0.0	0.0	-2.0	
BS_CK263_2012-11-06_F11_085.fsa	INDEL_5787	133		0.9	0.3123	134.09		14463		70328.0		0.0	false	false	0.0	0.0	1.0	0.0	0.0	0.0	0.0	0.0	0.0	-2.0	
BS_CK264_2012-11-06_F12_086.fsa	INDEL_5787	133		0.9	0.3123	134.17		19106		82452.0		1.0	false	false	0.0	0.0	1.0	0.0	0.0	0.0	0.0	0.0	0.0	-2.0	
BS_CK265_2012-11-06_G01_003.fsa	INDEL_5787	133		0.9	0.3123	134.59		15454		60065.0		0.0	false	false	0.0	0.0	1.0	0.0	0.0	0.0	0.0	0.0	0.0	-2.0	
BS_CK266_2012-11-06_G02_004.fsa	INDEL_5787	131	133	0.9	0.3123	130.75	134.27	7829	7570	29743.0	28444.0	0.0	false	false	0.0	0.0	1.0	0.0	0.0	0.0	0.0	0.0	0.0	0.0	
BS_CK267_2012-11-06_G03_019.fsa	INDEL_5787	133		0.9	0.3123	134.36		13399		50352.0		0.0	false	false	0.0	0.0	1.0	0.0	0.0	0.0	0.0	0.0	0.0	-2.0	
BS_CK268_2012-11-06_G04_020.fsa	INDEL_5787	131		0.9	0.4383	130.94		13072		51231.0		0.0	false	false	0.0	0.0	1.0	0.0	0.0	0.0	0.0	0.0	0.0	-2.0	
BS_CK269_2012-11-06_G05_035.fsa	INDEL_5787	133		0.9	0.3123	134.17		14627		58249.0		0.0	false	false	0.0	0.0	1.0	0.0	0.0	0.0	0.0	0.0	0.0	-2.0	
BS_CK270_2012-11-06_G06_036.fsa	INDEL_5787	133		0.9	0.3123	134.08		13760		53479.0		0.0	false	false	0.0	0.0	1.0	0.0	0.0	0.0	0.0	0.0	0.0	-2.0	
BS_CK271_2012-11-06_G07_051.fsa	INDEL_5787	133		0.9	0.1561	134.1		26726		104343.0		1.0	false	false	0.0	0.0	1.0	0.0	0.0	0.0	0.0	0.0	0.0	-2.0	
BS_CK272_2012-11-06_G08_052.fsa	INDEL_5787	131	133	0.9	0.3123	130.71	134.34	10404	10194	43077.0	41516.0	0.0	false	false	0.0	0.0	1.0	0.0	0.0	0.0	0.0	0.0	0.0	0.0	
BS_CK273_2012-11-06_H12_082.fsa	INDEL_5787	133		0.9	0.6939	134.19		5254		24135.0		0.0	false	false	0.0	0.0	0.0	0.0	0.0	0.0	0.0	0.0	0.0	-2.0	
BS_CK274_2012-11-06_G10_068.fsa	INDEL_5787	133		0.9	0.3123	134.15		19579		84772.0		1.0	false	false	0.0	0.0	1.0	0.0	0.0	0.0	0.0	0.0	0.0	-2.0	
BS_CK275_2012-11-06_G11_083.fsa	INDEL_5787	137		0.81	0.281	135.81		24405		103600.0		1.0	false	false	0.0	0.0	1.0	0.0	0.0	0.0	0.0	0.0	0.0	-2.0	
BS_CK276_2012-11-06_G12_084.fsa	INDEL_5787	131	133	0.9	0.3123	130.76	134.17	8525	7619	34889.0	33878.0	0.0	false	false	0.0	0.0	1.0	0.0	0.0	0.0	0.0	0.0	0.0	0.0	
BS_CK277_2012-11-06_H01_001.fsa	INDEL_5787	131	133	0.9	0.3123	130.99	134.42	4614	3885	17860.0	15774.0	0.0	false	false	0.0	0.0	1.0	0.0	0.0	0.0	0.0	0.0	0.0	0.0	
BS_CK278_2012-11-06_H02_002.fsa	INDEL_5787	133		0.9	0.3123	134.34		16707		65514.0		0.0	false	false	0.0	0.0	1.0	0.0	0.0	0.0	0.0	0.0	0.0	-2.0	
BS_CK279_2012-11-06_H03_017.fsa	INDEL_5787	133		0.9	0.3123	134.2		16284		61812.0		0.0	false	false	0.0	0.0	1.0	0.0	0.0	0.0	0.0	0.0	0.0	-2.0	
BS_CK280_2012-11-06_H04_018.fsa	INDEL_5787	131		0.9	0.4383	130.79		8205		32711.0		0.0	false	false	0.0	0.0	1.0	0.0	0.0	0.0	0.0	0.0	0.0	-2.0	
BS_CK281_2012-11-06_H05_033.fsa	INDEL_5787	133		0.9	0.3123	134.29		6779		27636.0		0.0	false	false	0.0	0.0	1.0	0.0	0.0	0.0	0.0	0.0	0.0	-2.0	
BS_CK282_2012-11-06_H06_034.fsa	INDEL_5787	131		0.9	0.4383	130.75		7777		29801.0		0.0	false	false	0.0	0.0	1.0	0.0	0.0	0.0	0.0	0.0	0.0	-2.0	
BS_CK283_2012-11-06_H07_049.fsa	INDEL_5787	133		0.9	0.3123	134.17		11745		45579.0		0.0	false	false	0.0	0.0	1.0	0.0	0.0	0.0	0.0	0.0	0.0	-2.0	
BS_CK284_2012-11-06_H08_050.fsa	INDEL_5787	131	133	0.9	0.3123	130.64	134.1	7479	6686	29270.0	26737.0	0.0	false	false	0.0	0.0	1.0	0.0	0.0	0.0	0.0	0.0	0.0	0.0	
BS_CK285_2012-11-06_H09_065.fsa	INDEL_5787	133		0.9	0.3123	134.36		11925		51399.0		0.0	false	false	0.0	0.0	1.0	0.0	0.0	0.0	0.0	0.0	0.0	-2.0	
BS_CK286_2012-11-06_H10_066.fsa	INDEL_5787	133		0.9	0.3123	134.43		12126		50940.0		0.0	false	false	0.0	0.0	1.0	0.0	0.0	0.0	0.0	0.0	0.0	-2.0	
BLANK_2012-11-06_B07_061.fsa	INDEL_5789			0.0	0.0							1.0	false	false	-2.0	-2.0	-2.0	-2.0	-2.0	-2.0	-2.0	-2.0	-2.0	-2.0	
BLANK_2012-11-06_G09_067.fsa	INDEL_5789			0.0	0.0							0.0	false	false	-2.0	-2.0	-2.0	-2.0	-2.0	-2.0	-2.0	-2.0	-2.0	-2.0	
BS_CK193_2012-11-06_A01_015.fsa	INDEL_5789	117		0.9	0.3123	118.05		9813		47759.0		0.0	false	false	0.0	0.0	1.0	0.0	0.0	0.0	0.0	0.0	0.0	-2.0	
BS_CK194_2012-11-06_A02_016.fsa	INDEL_5789	117		1.0	0.347	118.36		10087		46925.0		0.0	false	false	0.0	0.0	1.0	0.0	0.0	0.0	0.0	0.0	0.0	-2.0	
BS_CK195_2012-11-06_A03_031.fsa	INDEL_5789	117		0.9	0.3123	118.09		12342		55085.0		0.0	false	false	0.0	0.0	1.0	0.0	0.0	0.0	0.0	0.0	0.0	-2.0	
BS_CK196_2012-11-06_A04_032.fsa	INDEL_5789	117		0.9	0.3123	118.16		11723		50559.0		0.0	false	false	0.0	0.0	1.0	0.0	0.0	0.0	0.0	0.0	0.0	-2.0	
BS_CK197_2012-11-06_A05_047.fsa	INDEL_5789			0.0	0.0							1.0	false	false	-2.0	-2.0	-2.0	-2.0	-2.0	-2.0	-2.0	-2.0	-2.0	-2.0	
BS_CK198_2012-11-06_A06_048.fsa	INDEL_5789	117		0.9	0.3123	118.29		9008		44614.0		0.0	false	false	0.0	0.0	1.0	0.0	0.0	0.0	0.0	0.0	0.0	-2.0	
BS_CK199_2012-11-06_A07_063.fsa	INDEL_5789	117		0.9	0.3123	118.28		11032		48312.0		0.0	false	false	0.0	0.0	1.0	0.0	0.0	0.0	0.0	0.0	0.0	-2.0	
BS_CK200_2012-11-06_A08_064.fsa	INDEL_5789	117		0.9	0.3123	118.05		13575		63053.0		0.0	false	false	0.0	0.0	1.0	0.0	0.0	0.0	0.0	0.0	0.0	-2.0	
BS_CK201_2012-11-06_A09_079.fsa	INDEL_5789			0.0	0.0							1.0	false	false	-2.0	-2.0	-2.0	-2.0	-2.0	-2.0	-2.0	-2.0	-2.0	-2.0	
BS_CK202_2012-11-06_A10_080.fsa	INDEL_5789	115	117	0.9	0.3123	115.0	118.03	7101	7635	29962.0	33808.0	0.0	false	false	0.0	0.0	1.0	0.0	0.0	0.0	0.0	0.0	0.0	0.0	
BS_CK203_2012-11-06_A11_095.fsa	INDEL_5789	115		0.9	0.4383	114.96		18543		88961.0		0.0	false	false	0.0	0.0	1.0	0.0	0.0	0.0	0.0	0.0	0.0	-2.0	
BS_CK204_2012-11-06_A12_096.fsa	INDEL_5789	117		0.9	0.3123	118.3		5387		28420.0		0.0	false	false	0.0	0.0	1.0	0.0	0.0	0.0	0.0	0.0	0.0	-2.0	
BS_CK205_2012-11-06_B01_013.fsa	INDEL_5789	115	117	0.9	0.3123	114.93	118.03	6252	6920	27328.0	29561.0	0.0	false	false	0.0	0.0	1.0	0.0	0.0	0.0	0.0	0.0	0.0	0.0	
BS_CK206_2012-11-06_B02_014.fsa	INDEL_5789	117		1.0	0.347	118.36		8762		41108.0		0.0	false	false	0.0	0.0	1.0	0.0	0.0	0.0	0.0	0.0	0.0	-2.0	
BS_CK207_2012-11-06_B03_029.fsa	INDEL_5789	117		0.9	0.3123	118.16		11104		52820.0		0.0	false	false	0.0	0.0	1.0	0.0	0.0	0.0	0.0	0.0	0.0	-2.0	
BS_CK208_2012-11-06_B04_030.fsa	INDEL_5789	117		0.9	0.3123	118.03		8437		39106.0		0.0	false	false	0.0	0.0	1.0	0.0	0.0	0.0	0.0	0.0	0.0	-2.0	
BS_CK209_2012-11-06_B05_045.fsa	INDEL_5789	117		0.9	0.3123	118.23		10013		44856.0		0.0	false	false	0.0	0.0	1.0	0.0	0.0	0.0	0.0	0.0	0.0	-2.0	
BS_CK210_2012-11-06_B06_046.fsa	INDEL_5789	117		0.9	0.3123	118.22		8699		44449.0		0.0	false	false	0.0	0.0	1.0	0.0	0.0	0.0	0.0	0.0	0.0	-2.0	
BS_CK211_2012-11-06_H11_081.fsa	INDEL_5789	117		0.9	0.3123	118.15		21843		101991.0		0.0	false	false	0.0	0.0	1.0	0.0	0.0	0.0	0.0	0.0	0.0	-2.0	
BS_CK212_2012-11-06_B08_062.fsa	INDEL_5789	117		0.9	0.3123	118.17		27902		125764.0		1.0	false	false	0.0	0.0	1.0	0.0	0.0	0.0	0.0	0.0	0.0	-2.0	
BS_CK213_2012-11-06_B09_077.fsa	INDEL_5789	115	117	0.9	0.3123	115.09	118.06	9820	10478	49644.0	47021.0	0.0	false	false	0.0	0.0	1.0	0.0	0.0	0.0	0.0	0.0	0.0	0.0	
BS_CK214_2012-11-06_B10_078.fsa	INDEL_5789	115	117	0.9	0.3123	114.93	117.97	6273	6435	27424.0	29954.0	0.0	false	false	0.0	0.0	1.0	0.0	0.0	0.0	0.0	0.0	0.0	0.0	
BS_CK215_2012-11-06_B11_093.fsa	INDEL_5789	117		0.9	0.3123	118.24		18245		86709.0		0.0	false	false	0.0	0.0	1.0	0.0	0.0	0.0	0.0	0.0	0.0	-2.0	
BS_CK216_2012-11-06_B12_094.fsa	INDEL_5789	115	117	0.9	0.3123	115.2	118.36	5319	5657	28391.0	29335.0	0.0	false	false	0.0	0.0	1.0	0.0	0.0	0.0	0.0	0.0	0.0	0.0	
BS_CK217_2012-11-06_C01_011.fsa	INDEL_5789	115	117	0.9	0.3123	115.06	118.17	8729	9426	37124.0	38943.0	0.0	false	false	0.0	0.0	1.0	0.0	0.0	0.0	0.0	0.0	0.0	0.0	
BS_CK218_2012-11-06_C02_012.fsa	INDEL_5789	117		0.9	0.3123	118.34		11153		53526.0		0.0	false	false	0.0	0.0	1.0	0.0	0.0	0.0	0.0	0.0	0.0	-2.0	
BS_CK219_2012-11-06_C03_027.fsa	INDEL_5789	117		0.9	0.3123	118.21		14000		60593.0		0.0	false	false	0.0	0.0	1.0	0.0	0.0	0.0	0.0	0.0	0.0	-2.0	
BS_CK220_2012-11-06_C04_028.fsa	INDEL_5789	117		0.9	0.3123	118.03		9106		42201.0		0.0	false	false	0.0	0.0	1.0	0.0	0.0	0.0	0.0	0.0	0.0	-2.0	
BS_CK221_2012-11-06_C05_043.fsa	INDEL_5789	115	117	0.9	0.3123	115.04	118.1	5976	6482	26531.0	28466.0	0.0	false	false	0.0	0.0	1.0	0.0	0.0	0.0	0.0	0.0	0.0	0.0	
BS_CK222_2012-11-06_C06_044.fsa	INDEL_5789	117		0.9	0.3123	118.02		29018		127287.0		0.0	false	false	0.0	0.0	1.0	0.0	0.0	0.0	0.0	0.0	0.0	-2.0	
BS_CK223_2012-11-06_C07_059.fsa	INDEL_5789	115	117	0.9	0.3123	114.93	118.16	9279	9014	44655.0	43116.0	0.0	false	false	0.0	0.0	1.0	0.0	0.0	0.0	0.0	0.0	0.0	0.0	
BS_CK224_2012-11-06_C08_060.fsa	INDEL_5789	117		0.9	0.3123	118.02		26223		117589.0		0.0	false	false	0.0	0.0	1.0	0.0	0.0	0.0	0.0	0.0	0.0	-2.0	
BS_CK225_2012-11-06_C09_075.fsa	INDEL_5789	121		0.81	0.3945	120.2		28472		133453.0		1.0	false	false	0.0	0.0	1.0	0.0	0.0	0.0	0.0	0.0	0.0	-2.0	
BS_CK226_2012-11-06_C10_076.fsa	INDEL_5789	117		0.9	0.3123	118.17		24522		107851.0		1.0	false	false	0.0	0.0	1.0	0.0	0.0	0.0	0.0	0.0	0.0	-2.0	
BS_CK227_2012-11-06_C11_091.fsa	INDEL_5789			0.9	1.0							0.0	true	false	-4.0	-4.0	-1.0	-4.0	-4.0	-4.0	-4.0	-4.0	-1.0	-4.0	
BS_CK228_2012-11-06_C12_092.fsa	INDEL_5789	115	117	0.9	0.3123	115.13	118.1	6673	6823	29827.0	29585.0	0.0	false	false	0.0	0.0	1.0	0.0	0.0	0.0	0.0	0.0	0.0	0.0	
BS_CK229_2012-11-06_D01_009.fsa	INDEL_5789	117		0.9	0.3123	118.22		11610		53829.0		0.0	false	false	0.0	0.0	1.0	0.0	0.0	0.0	0.0	0.0	0.0	-2.0	
BS_CK230_2012-11-06_D02_010.fsa	INDEL_5789	117		0.9	0.3123	118.16		19231		82994.0		0.0	false	false	0.0	0.0	1.0	0.0	0.0	0.0	0.0	0.0	0.0	-2.0	
BS_CK231_2012-11-06_D03_025.fsa	INDEL_5789	117		0.9	0.3123	118.23		9684		43300.0		0.0	false	false	0.0	0.0	1.0	0.0	0.0	0.0	0.0	0.0	0.0	-2.0	
BS_CK232_2012-11-06_D04_026.fsa	INDEL_5789	117		0.9	0.3123	118.35		6581		32331.0		0.0	false	false	0.0	0.0	1.0	0.0	0.0	0.0	0.0	0.0	0.0	-2.0	
BS_CK233_2012-11-06_D05_041.fsa	INDEL_5789	117		0.9	0.3123	118.1		12070		54377.0		0.0	false	false	0.0	0.0	1.0	0.0	0.0	0.0	0.0	0.0	0.0	-2.0	
BS_CK234_2012-11-06_D06_042.fsa	INDEL_5789	115		0.9	0.4383	115.14		13539		58814.0		0.0	false	false	0.0	0.0	1.0	0.0	0.0	0.0	0.0	0.0	0.0	-2.0	
BS_CK235_2012-11-06_D07_057.fsa	INDEL_5789	115		0.9	0.4383	114.93		9592		44155.0		0.0	false	false	0.0	0.0	1.0	0.0	0.0	0.0	0.0	0.0	0.0	-2.0	
BS_CK236_2012-11-06_D08_058.fsa	INDEL_5789	115		0.9	0.4383	114.75		12337		56080.0		0.0	false	false	0.0	0.0	1.0	0.0	0.0	0.0	0.0	0.0	0.0	-2.0	
BS_CK237_2012-11-06_D09_073.fsa	INDEL_5789	117		0.9	0.3123	118.24		21898		100857.0		0.0	false	false	0.0	0.0	1.0	0.0	0.0	0.0	0.0	0.0	0.0	-2.0	
BS_CK238_2012-11-06_D10_074.fsa	INDEL_5789	117		0.9	0.3123	118.08		17349		81444.0		0.0	false	false	0.0	0.0	1.0	0.0	0.0	0.0	0.0	0.0	0.0	-2.0	
BS_CK239_2012-11-06_D11_089.fsa	INDEL_5789	117		0.9	0.3123	118.05		17774		82018.0		0.0	false	false	0.0	0.0	1.0	0.0	0.0	0.0	0.0	0.0	0.0	-2.0	
BS_CK240_2012-11-06_D12_090.fsa	INDEL_5789	117		0.9	0.6939	118.11		21858		106361.0		0.0	false	false	0.0	0.0	0.0	0.0	0.0	0.0	0.0	0.0	0.0	-2.0	
BS_CK241_2012-11-06_E01_007.fsa	INDEL_5789	117		0.9	0.3123	118.3		17605		74723.0		0.0	false	false	0.0	0.0	1.0	0.0	0.0	0.0	0.0	0.0	0.0	-2.0	
BS_CK242_2012-11-06_E02_008.fsa	INDEL_5789	115		0.9	0.4383	115.27		20949		90867.0		0.0	false	false	0.0	0.0	1.0	0.0	0.0	0.0	0.0	0.0	0.0	-2.0	
BS_CK243_2012-11-06_E03_023.fsa	INDEL_5789	117		0.9	0.3123	118.23		12555		57153.0		0.0	false	false	0.0	0.0	1.0	0.0	0.0	0.0	0.0	0.0	0.0	-2.0	
BS_CK244_2012-11-06_E04_024.fsa	INDEL_5789	115	117	0.9	0.3123	115.04	118.28	4769	5225	20335.0	22815.0	0.0	false	false	0.0	0.0	1.0	0.0	0.0	0.0	0.0	0.0	0.0	0.0	
BS_CK245_2012-11-06_E05_039.fsa	INDEL_5789	115	117	0.9	0.3123	115.04	118.28	6463	7325	28137.0	33031.0	0.0	false	false	0.0	0.0	1.0	0.0	0.0	0.0	0.0	0.0	0.0	0.0	
BS_CK246_2012-11-06_E06_040.fsa	INDEL_5789	117		0.9	0.3123	118.37		26799		119206.0		0.0	false	false	0.0	0.0	1.0	0.0	0.0	0.0	0.0	0.0	0.0	-2.0	
BS_CK247_2012-11-06_E07_055.fsa	INDEL_5789	115	117	0.9	0.3123	115.04	118.1	7780	9002	35095.0	39461.0	0.0	false	false	0.0	0.0	1.0	0.0	0.0	0.0	0.0	0.0	0.0	0.0	
BS_CK248_2012-11-06_E08_056.fsa	INDEL_5789	117		0.9	0.3123	118.17		27798		122155.0		1.0	false	false	0.0	0.0	1.0	0.0	0.0	0.0	0.0	0.0	0.0	-2.0	
BS_CK249_2012-11-06_E09_071.fsa	INDEL_5789	121		0.81	0.3945	120.18		29557		131980.0		1.0	false	false	0.0	0.0	1.0	0.0	0.0	0.0	0.0	0.0	0.0	-2.0	
BS_CK250_2012-11-06_E10_072.fsa	INDEL_5789	117		0.9	0.3123	118.04		21178		100444.0		0.0	false	false	0.0	0.0	1.0	0.0	0.0	0.0	0.0	0.0	0.0	-2.0	
BS_CK251_2012-11-06_E11_087.fsa	INDEL_5789	117		0.9	0.3123	118.25		25284		117039.0		0.0	false	false	0.0	0.0	1.0	0.0	0.0	0.0	0.0	0.0	0.0	-2.0	
BS_CK252_2012-11-06_E12_088.fsa	INDEL_5789	117		0.9	0.3123	118.3		14908		71159.0		0.0	false	false	0.0	0.0	1.0	0.0	0.0	0.0	0.0	0.0	0.0	-2.0	
BS_CK253_2012-11-06_F01_005.fsa	INDEL_5789	117		0.9	0.3123	118.16		11878		51954.0		0.0	false	false	0.0	0.0	1.0	0.0	0.0	0.0	0.0	0.0	0.0	-2.0	
BS_CK254_2012-11-06_F02_006.fsa	INDEL_5789	117		0.9	0.3123	118.17		24372		101106.0		0.0	false	false	0.0	0.0	1.0	0.0	0.0	0.0	0.0	0.0	0.0	-2.0	
BS_CK255_2012-11-06_F03_021.fsa	INDEL_5789	117		0.9	0.3123	118.23		8827		41393.0		0.0	false	false	0.0	0.0	1.0	0.0	0.0	0.0	0.0	0.0	0.0	-2.0	
BS_CK256_2012-11-06_F04_022.fsa	INDEL_5789	115	117	1.0	0.347	114.96	118.1	12577	12885	55624.0	56130.0	0.0	false	false	0.0	0.0	1.0	0.0	0.0	0.0	0.0	0.0	0.0	0.0	
BS_CK257_2012-11-06_F05_037.fsa	INDEL_5789	117		0.9	0.3123	118.1		14712		63235.0		0.0	false	false	0.0	0.0	1.0	0.0	0.0	0.0	0.0	0.0	0.0	-2.0	
BS_CK258_2012-11-06_F06_038.fsa	INDEL_5789	117		0.9	0.3123	118.1		10264		48327.0		0.0	false	false	0.0	0.0	1.0	0.0	0.0	0.0	0.0	0.0	0.0	-2.0	
BS_CK259_2012-11-06_F07_053.fsa	INDEL_5789	117		0.9	0.3123	118.03		21666		108515.0		0.0	false	false	0.0	0.0	1.0	0.0	0.0	0.0	0.0	0.0	0.0	-2.0	
BS_CK260_2012-11-06_F08_054.fsa	INDEL_5789	117		0.9	0.3123	118.16		22950		105879.0		0.0	false	false	0.0	0.0	1.0	0.0	0.0	0.0	0.0	0.0	0.0	-2.0	
BS_CK261_2012-11-06_F09_069.fsa	INDEL_5789	115	117	0.9	0.3123	115.14	118.17	9777	9593	42153.0	41730.0	0.0	false	false	0.0	0.0	1.0	0.0	0.0	0.0	0.0	0.0	0.0	0.0	
BS_CK262_2012-11-06_F10_070.fsa	INDEL_5789	117		0.9	0.3123	118.03		12819		56971.0		0.0	false	false	0.0	0.0	1.0	0.0	0.0	0.0	0.0	0.0	0.0	-2.0	
BS_CK263_2012-11-06_F11_085.fsa	INDEL_5789	117		0.9	0.3123	118.03		20246		107223.0		0.0	false	false	0.0	0.0	1.0	0.0	0.0	0.0	0.0	0.0	0.0	-2.0	
BS_CK264_2012-11-06_F12_086.fsa	INDEL_5789	117		0.9	0.3123	117.99		22332		109829.0		1.0	false	false	0.0	0.0	1.0	0.0	0.0	0.0	0.0	0.0	0.0	-2.0	
BS_CK265_2012-11-06_G01_003.fsa	INDEL_5789	117		0.9	0.3123	118.37		17859		76389.0		0.0	false	false	0.0	0.0	1.0	0.0	0.0	0.0	0.0	0.0	0.0	-2.0	
BS_CK266_2012-11-06_G02_004.fsa	INDEL_5789	117		0.9	0.3123	118.1		12425		55519.0		0.0	false	false	0.0	0.0	1.0	0.0	0.0	0.0	0.0	0.0	0.0	-2.0	
BS_CK267_2012-11-06_G03_019.fsa	INDEL_5789	117		0.9	0.3123	118.29		21048		84253.0		0.0	false	false	0.0	0.0	1.0	0.0	0.0	0.0	0.0	0.0	0.0	-2.0	
BS_CK268_2012-11-06_G04_020.fsa	INDEL_5789	117		0.9	0.3123	118.29		14099		60697.0		0.0	false	false	0.0	0.0	1.0	0.0	0.0	0.0	0.0	0.0	0.0	-2.0	
BS_CK269_2012-11-06_G05_035.fsa	INDEL_5789	117		0.9	0.3123	118.11		12737		55919.0		0.0	false	false	0.0	0.0	1.0	0.0	0.0	0.0	0.0	0.0	0.0	-2.0	
BS_CK270_2012-11-06_G06_036.fsa	INDEL_5789	117		0.9	0.3123	117.97		10240		48463.0		0.0	false	false	0.0	0.0	1.0	0.0	0.0	0.0	0.0	0.0	0.0	-2.0	
BS_CK271_2012-11-06_G07_051.fsa	INDEL_5789	117		0.9	0.3123	118.09		26050		117296.0		1.0	false	false	0.0	0.0	1.0	0.0	0.0	0.0	0.0	0.0	0.0	-2.0	
BS_CK272_2012-11-06_G08_052.fsa	INDEL_5789	115	117	0.9	0.3123	115.06	118.3	14828	15822	63895.0	65833.0	0.0	false	false	0.0	0.0	1.0	0.0	0.0	0.0	0.0	0.0	0.0	0.0	
BS_CK273_2012-11-06_H12_082.fsa	INDEL_5789	117		0.9	0.3123	117.98		7456		36459.0		0.0	false	false	0.0	0.0	1.0	0.0	0.0	0.0	0.0	0.0	0.0	-2.0	
BS_CK274_2012-11-06_G10_068.fsa	INDEL_5789	117		0.9	0.3123	118.17		21759		105733.0		1.0	false	false	0.0	0.0	1.0	0.0	0.0	0.0	0.0	0.0	0.0	-2.0	
BS_CK275_2012-11-06_G11_083.fsa	INDEL_5789	121		0.81	0.1405	119.89		32238		180631.0		1.0	false	false	0.0	0.0	1.0	0.0	0.0	0.0	0.0	0.0	0.0	-2.0	
BS_CK276_2012-11-06_G12_084.fsa	INDEL_5789	117		0.9	0.3123	118.16		18209		90646.0		0.0	false	false	0.0	0.0	1.0	0.0	0.0	0.0	0.0	0.0	0.0	-2.0	
BS_CK277_2012-11-06_H01_001.fsa	INDEL_5789	117		0.9	0.3123	118.3		9597		41590.0		0.0	false	false	0.0	0.0	1.0	0.0	0.0	0.0	0.0	0.0	0.0	-2.0	
BS_CK278_2012-11-06_H02_002.fsa	INDEL_5789	117		0.9	0.3123	118.18		19964		86370.0		0.0	false	false	0.0	0.0	1.0	0.0	0.0	0.0	0.0	0.0	0.0	-2.0	
BS_CK279_2012-11-06_H03_017.fsa	INDEL_5789	117		0.9	0.3123	118.03		24968		104875.0		0.0	false	false	0.0	0.0	1.0	0.0	0.0	0.0	0.0	0.0	0.0	-2.0	
BS_CK280_2012-11-06_H04_018.fsa	INDEL_5789	115		0.9	0.4383	115.13		4820		23270.0		0.0	false	false	0.0	0.0	1.0	0.0	0.0	0.0	0.0	0.0	0.0	-2.0	
BS_CK281_2012-11-06_H05_033.fsa	INDEL_5789	117		0.9	0.3123	118.09		5167		22655.0		0.0	false	false	0.0	0.0	1.0	0.0	0.0	0.0	0.0	0.0	0.0	-2.0	
BS_CK282_2012-11-06_H06_034.fsa	INDEL_5789	115		0.9	0.4383	115.1		7067		31445.0		0.0	false	false	0.0	0.0	1.0	0.0	0.0	0.0	0.0	0.0	0.0	-2.0	
BS_CK283_2012-11-06_H07_049.fsa	INDEL_5789	117		0.9	0.3123	118.16		10182		45892.0		0.0	false	false	0.0	0.0	1.0	0.0	0.0	0.0	0.0	0.0	0.0	-2.0	
BS_CK284_2012-11-06_H08_050.fsa	INDEL_5789	117		0.9	0.3123	118.09		10152		46074.0		0.0	false	false	0.0	0.0	1.0	0.0	0.0	0.0	0.0	0.0	0.0	-2.0	
BS_CK285_2012-11-06_H09_065.fsa	INDEL_5789	117		0.9	0.3123	118.11		18527		84567.0		0.0	false	false	0.0	0.0	1.0	0.0	0.0	0.0	0.0	0.0	0.0	-2.0	
BS_CK286_2012-11-06_H10_066.fsa	INDEL_5789	117		0.9	0.3123	118.18		16739		77440.0		0.0	false	false	0.0	0.0	1.0	0.0	0.0	0.0	0.0	0.0	0.0	-2.0	
BLANK_2012-11-06_B07_061.fsa	INDEL_5790			0.0	0.0							1.0	false	false	-2.0	-2.0	-2.0	-2.0	-2.0	-2.0	-2.0	-2.0	-2.0	-2.0	
BLANK_2012-11-06_G09_067.fsa	INDEL_5790			0.0	0.0							0.0	false	false	-2.0	-2.0	-2.0	-2.0	-2.0	-2.0	-2.0	-2.0	-2.0	-2.0	
BS_CK193_2012-11-06_A01_015.fsa	INDEL_5790	169		0.9	0.4383	168.75		5726		25754.0		0.0	false	false	0.0	0.0	1.0	0.0	0.0	0.0	0.0	0.0	0.0	-2.0	
BS_CK194_2012-11-06_A02_016.fsa	INDEL_5790	169		1.0	0.487	168.58		6223		26401.0		0.0	false	false	0.0	0.0	1.0	0.0	0.0	0.0	0.0	0.0	0.0	-2.0	
BS_CK195_2012-11-06_A03_031.fsa	INDEL_5790	169		0.9	0.4383	168.48		7548		31894.0		0.0	false	false	0.0	0.0	1.0	0.0	0.0	0.0	0.0	0.0	0.0	-2.0	
BS_CK196_2012-11-06_A04_032.fsa	INDEL_5790	160	169	0.9	0.3123	159.47	168.61	4913	3537	22745.0	15764.0	0.0	false	false	0.0	0.0	1.0	0.0	0.0	0.0	0.0	0.0	0.0	0.0	
BS_CK197_2012-11-06_A05_047.fsa	INDEL_5790			0.0	0.0							1.0	false	false	-2.0	-2.0	-2.0	-2.0	-2.0	-2.0	-2.0	-2.0	-2.0	-2.0	
BS_CK198_2012-11-06_A06_048.fsa	INDEL_5790	169		0.9	0.4383	168.45		5836		25538.0		0.0	false	false	0.0	0.0	1.0	0.0	0.0	0.0	0.0	0.0	0.0	-2.0	
BS_CK199_2012-11-06_A07_063.fsa	INDEL_5790	169		0.9	0.4383	168.42		7400		30804.0		0.0	false	false	0.0	0.0	1.0	0.0	0.0	0.0	0.0	0.0	0.0	-2.0	
BS_CK200_2012-11-06_A08_064.fsa	INDEL_5790	169		0.9	0.4383	168.5		7904		36065.0		0.0	false	false	0.0	0.0	1.0	0.0	0.0	0.0	0.0	0.0	0.0	-2.0	
BS_CK201_2012-11-06_A09_079.fsa	INDEL_5790			0.0	0.0							1.0	false	false	-2.0	-2.0	-2.0	-2.0	-2.0	-2.0	-2.0	-2.0	-2.0	-2.0	
BS_CK202_2012-11-06_A10_080.fsa	INDEL_5790	169		0.9	0.4383	168.7		8736		38267.0		0.0	false	false	0.0	0.0	1.0	0.0	0.0	0.0	0.0	0.0	0.0	-2.0	
BS_CK203_2012-11-06_A11_095.fsa	INDEL_5790	169		0.9	0.4383	168.73		13990		65667.0		0.0	false	false	0.0	0.0	1.0	0.0	0.0	0.0	0.0	0.0	0.0	-2.0	
BS_CK204_2012-11-06_A12_096.fsa	INDEL_5790	169		0.9	0.4383	168.92		2646		13541.0		0.0	false	false	0.0	0.0	1.0	0.0	0.0	0.0	0.0	0.0	0.0	-2.0	
BS_CK205_2012-11-06_B01_013.fsa	INDEL_5790	169		0.9	0.4383	168.66		10107		43532.0		0.0	false	false	0.0	0.0	1.0	0.0	0.0	0.0	0.0	0.0	0.0	-2.0	
BS_CK206_2012-11-06_B02_014.fsa	INDEL_5790	169		1.0	0.487	168.58		6218		27217.0		0.0	false	false	0.0	0.0	1.0	0.0	0.0	0.0	0.0	0.0	0.0	-2.0	
BS_CK207_2012-11-06_B03_029.fsa	INDEL_5790	169		0.9	0.4383	168.55		6440		31414.0		0.0	false	false	0.0	0.0	1.0	0.0	0.0	0.0	0.0	0.0	0.0	-2.0	
BS_CK208_2012-11-06_B04_030.fsa	INDEL_5790	169		0.9	0.3123	168.32		5057		24007.0		0.0	false	false	0.0	0.0	1.0	0.0	0.0	0.0	0.0	0.0	0.0	-2.0	
BS_CK209_2012-11-06_B05_045.fsa	INDEL_5790	169		0.9	0.4383	168.48		7023		30598.0		0.0	false	false	0.0	0.0	1.0	0.0	0.0	0.0	0.0	0.0	0.0	-2.0	
BS_CK210_2012-11-06_B06_046.fsa	INDEL_5790	169		0.9	0.4383	168.45		6057		31254.0		0.0	false	false	0.0	0.0	1.0	0.0	0.0	0.0	0.0	0.0	0.0	-2.0	
BS_CK211_2012-11-06_H11_081.fsa	INDEL_5790	169		0.9	0.3123	168.48		8256		38908.0		0.0	false	false	0.0	0.0	1.0	0.0	0.0	0.0	0.0	0.0	0.0	-2.0	
BS_CK212_2012-11-06_B08_062.fsa	INDEL_5790	169		0.9	0.4383	168.53		17485		75928.0		1.0	false	false	0.0	0.0	1.0	0.0	0.0	0.0	0.0	0.0	0.0	-2.0	
BS_CK213_2012-11-06_B09_077.fsa	INDEL_5790	169		0.9	0.4383	168.48		14432		66693.0		0.0	false	false	0.0	0.0	1.0	0.0	0.0	0.0	0.0	0.0	0.0	-2.0	
BS_CK214_2012-11-06_B10_078.fsa	INDEL_5790	169		0.9	0.3123	168.35		6795		30266.0		0.0	false	false	0.0	0.0	1.0	0.0	0.0	0.0	0.0	0.0	0.0	-2.0	
BS_CK215_2012-11-06_B11_093.fsa	INDEL_5790	169		0.9	0.4383	168.53		12338		56254.0		0.0	false	false	0.0	0.0	1.0	0.0	0.0	0.0	0.0	0.0	0.0	-2.0	
BS_CK216_2012-11-06_B12_094.fsa	INDEL_5790	160	169	0.9	0.3123	159.47	168.73	3728	2597	19295.0	13286.0	0.0	false	false	0.0	0.0	1.0	0.0	0.0	0.0	0.0	0.0	0.0	0.0	
BS_CK217_2012-11-06_C01_011.fsa	INDEL_5790	169		0.9	0.4383	168.78		8753		39132.0		0.0	false	false	0.0	0.0	1.0	0.0	0.0	0.0	0.0	0.0	0.0	-2.0	
BS_CK218_2012-11-06_C02_012.fsa	INDEL_5790	169		0.9	0.4383	168.41		7670		34221.0		0.0	false	false	0.0	0.0	1.0	0.0	0.0	0.0	0.0	0.0	0.0	-2.0	
BS_CK219_2012-11-06_C03_027.fsa	INDEL_5790	169		0.9	0.4383	168.5		5351		22512.0		0.0	false	false	0.0	0.0	1.0	0.0	0.0	0.0	0.0	0.0	0.0	-2.0	
BS_CK220_2012-11-06_C04_028.fsa	INDEL_5790	169		0.9	0.3123	168.5		4005		18199.0		0.0	false	false	0.0	0.0	1.0	0.0	0.0	0.0	0.0	0.0	0.0	-2.0	
BS_CK221_2012-11-06_C05_043.fsa	INDEL_5790	160	169	0.9	0.3123	159.46	168.43	6724	4723	30965.0	20380.0	0.0	false	false	0.0	0.0	1.0	0.0	0.0	0.0	0.0	0.0	0.0	0.0	
BS_CK222_2012-11-06_C06_044.fsa	INDEL_5790	169		0.9	0.4383	168.48		8972		38846.0		0.0	false	false	0.0	0.0	1.0	0.0	0.0	0.0	0.0	0.0	0.0	-2.0	
BS_CK223_2012-11-06_C07_059.fsa	INDEL_5790	160	169	0.9	0.3123	159.28	168.58	6936	4181	34317.0	20353.0	0.0	false	false	0.0	0.0	1.0	0.0	0.0	0.0	0.0	0.0	0.0	0.0	
BS_CK224_2012-11-06_C08_060.fsa	INDEL_5790	169		0.9	0.3123	168.45		13702		62164.0		0.0	false	false	0.0	0.0	1.0	0.0	0.0	0.0	0.0	0.0	0.0	-2.0	
BS_CK225_2012-11-06_C09_075.fsa	INDEL_5790	169		0.81	0.3945	168.53		19838		84664.0		1.0	false	false	0.0	0.0	1.0	0.0	0.0	0.0	0.0	0.0	0.0	-2.0	
BS_CK226_2012-11-06_C10_076.fsa	INDEL_5790	169		0.9	0.4383	168.45		15609		66900.0		1.0	false	false	0.0	0.0	1.0	0.0	0.0	0.0	0.0	0.0	0.0	-2.0	
BS_CK227_2012-11-06_C11_091.fsa	INDEL_5790			0.9	1.0							0.0	true	false	-4.0	-4.0	-1.0	-4.0	-1.0	-4.0	-4.0	-4.0	-1.0	-4.0	
BS_CK228_2012-11-06_C12_092.fsa	INDEL_5790	169		0.9	0.4383	168.53		6700		28819.0		0.0	false	false	0.0	0.0	1.0	0.0	0.0	0.0	0.0	0.0	0.0	-2.0	
BS_CK229_2012-11-06_D01_009.fsa	INDEL_5790	169		0.9	0.4383	168.63		4102		17783.0		0.0	false	false	0.0	0.0	1.0	0.0	0.0	0.0	0.0	0.0	0.0	-2.0	
BS_CK230_2012-11-06_D02_010.fsa	INDEL_5790	169		0.9	0.4383	168.46		9916		43684.0		0.0	false	false	0.0	0.0	1.0	0.0	0.0	0.0	0.0	0.0	0.0	-2.0	
BS_CK231_2012-11-06_D03_025.fsa	INDEL_5790	169		0.9	0.4383	168.48		5852		25018.0		0.0	false	false	0.0	0.0	1.0	0.0	0.0	0.0	0.0	0.0	0.0	-2.0	
BS_CK232_2012-11-06_D04_026.fsa	INDEL_5790			0.9	1.0							0.0	true	false	-4.0	-4.0	-4.0	-4.0	-4.0	-4.0	-4.0	-4.0	-4.0	-2.0	
BS_CK233_2012-11-06_D05_041.fsa	INDEL_5790	169		0.9	0.4383	168.43		7784		34128.0		0.0	false	false	0.0	0.0	1.0	0.0	0.0	0.0	0.0	0.0	0.0	-2.0	
BS_CK234_2012-11-06_D06_042.fsa	INDEL_5790	169		0.9	0.4383	168.53		5288		23483.0		0.0	false	false	0.0	0.0	1.0	0.0	0.0	0.0	0.0	0.0	0.0	-2.0	
BS_CK235_2012-11-06_D07_057.fsa	INDEL_5790	169		0.9	0.4383	168.48		6093		27283.0		0.0	false	false	0.0	0.0	1.0	0.0	0.0	0.0	0.0	0.0	0.0	-2.0	
BS_CK236_2012-11-06_D08_058.fsa	INDEL_5790	169		0.9	0.4383	168.45		6187		25633.0		0.0	false	false	0.0	0.0	1.0	0.0	0.0	0.0	0.0	0.0	0.0	-2.0	
BS_CK237_2012-11-06_D09_073.fsa	INDEL_5790	169		0.9	0.4383	168.4		11206		52522.0		0.0	false	false	0.0	0.0	1.0	0.0	0.0	0.0	0.0	0.0	0.0	-2.0	
BS_CK238_2012-11-06_D10_074.fsa	INDEL_5790	169		0.9	0.4383	168.45		10202		42877.0		0.0	false	false	0.0	0.0	1.0	0.0	0.0	0.0	0.0	0.0	0.0	-2.0	
BS_CK239_2012-11-06_D11_089.fsa	INDEL_5790	169		0.9	0.3123	168.45		2850		12460.0		0.0	false	false	0.0	0.0	1.0	0.0	0.0	0.0	0.0	0.0	0.0	-2.0	
BS_CK240_2012-11-06_D12_090.fsa	INDEL_5790	169		0.9	0.3123	168.45		13618		61447.0		0.0	false	false	0.0	0.0	1.0	0.0	0.0	0.0	0.0	0.0	0.0	-2.0	
BS_CK241_2012-11-06_E01_007.fsa	INDEL_5790	169		0.9	0.4383	168.88		6664		29717.0		0.0	false	false	0.0	0.0	1.0	0.0	0.0	0.0	0.0	0.0	0.0	-2.0	
BS_CK242_2012-11-06_E02_008.fsa	INDEL_5790	160	169	0.9	0.3123	159.48	168.51	9312	5996	40615.0	24850.0	0.0	false	false	0.0	0.0	1.0	0.0	0.0	0.0	0.0	0.0	0.0	0.0	
BS_CK243_2012-11-06_E03_023.fsa	INDEL_5790	169		0.9	0.4383	168.71		8636		38144.0		0.0	false	false	0.0	0.0	1.0	0.0	0.0	0.0	0.0	0.0	0.0	-2.0	
BS_CK244_2012-11-06_E04_024.fsa	INDEL_5790	169		0.9	0.3123	168.38		6338		26809.0		0.0	false	false	0.0	0.0	1.0	0.0	0.0	0.0	0.0	0.0	0.0	-2.0	
BS_CK245_2012-11-06_E05_039.fsa	INDEL_5790	160	169	0.9	0.3123	159.29	168.38	5254	3011	22962.0	13402.0	0.0	false	false	0.0	0.0	1.0	0.0	0.0	0.0	0.0	0.0	0.0	0.0	
BS_CK246_2012-11-06_E06_040.fsa	INDEL_5790	169		0.9	0.4383	168.43		13131		55842.0		0.0	false	false	0.0	0.0	1.0	0.0	0.0	0.0	0.0	0.0	0.0	-2.0	
BS_CK247_2012-11-06_E07_055.fsa	INDEL_5790	169		0.9	0.4383	168.4		6220		29517.0		0.0	false	false	0.0	0.0	1.0	0.0	0.0	0.0	0.0	0.0	0.0	-2.0	
BS_CK248_2012-11-06_E08_056.fsa	INDEL_5790	160	169	0.9	0.3123	159.28	168.29	10517	6724	48932.0	28455.0	1.0	false	false	0.0	0.0	1.0	0.0	0.0	0.0	0.0	0.0	0.0	0.0	
BS_CK249_2012-11-06_E09_071.fsa	INDEL_5790	169		0.81	0.281	168.38		17273		75863.0		1.0	false	false	0.0	0.0	1.0	0.0	0.0	0.0	0.0	0.0	0.0	-2.0	
BS_CK250_2012-11-06_E10_072.fsa	INDEL_5790	169		0.9	0.4383	168.42		9037		43032.0		0.0	false	false	0.0	0.0	1.0	0.0	0.0	0.0	0.0	0.0	0.0	-2.0	
BS_CK251_2012-11-06_E11_087.fsa	INDEL_5790	169		0.9	0.4383	168.4		10916		52434.0		0.0	false	false	0.0	0.0	1.0	0.0	0.0	0.0	0.0	0.0	0.0	-2.0	
BS_CK252_2012-11-06_E12_088.fsa	INDEL_5790	169		0.9	0.4383	168.58		9215		41092.0		0.0	false	false	0.0	0.0	1.0	0.0	0.0	0.0	0.0	0.0	0.0	-2.0	
BS_CK253_2012-11-06_F01_005.fsa	INDEL_5790	169		0.9	0.4383	168.75		5750		24072.0		0.0	false	false	0.0	0.0	1.0	0.0	0.0	0.0	0.0	0.0	0.0	-2.0	
BS_CK254_2012-11-06_F02_006.fsa	INDEL_5790	169		0.9	0.4383	168.68		14688		58555.0		0.0	false	false	0.0	0.0	1.0	0.0	0.0	0.0	0.0	0.0	0.0	-2.0	
BS_CK255_2012-11-06_F03_021.fsa	INDEL_5790	169		0.9	0.4383	168.71		3437		15837.0		0.0	false	false	0.0	0.0	1.0	0.0	0.0	0.0	0.0	0.0	0.0	-2.0	
BS_CK256_2012-11-06_F04_022.fsa	INDEL_5790	160	169	1.0	0.347	159.48	168.54	7196	4015	32626.0	17442.0	0.0	false	false	0.0	0.0	1.0	0.0	0.0	0.0	0.0	0.0	0.0	0.0	
BS_CK257_2012-11-06_F05_037.fsa	INDEL_5790	169		0.9	0.4383	168.42		6469		27667.0		0.0	false	false	0.0	0.0	1.0	0.0	0.0	0.0	0.0	0.0	0.0	-2.0	
BS_CK258_2012-11-06_F06_038.fsa	INDEL_5790	169		0.9	0.3123	168.38		4479		19788.0		0.0	false	false	0.0	0.0	1.0	0.0	0.0	0.0	0.0	0.0	0.0	-2.0	
BS_CK259_2012-11-06_F07_053.fsa	INDEL_5790	169		0.9	0.3123	168.32		6876		36088.0		0.0	false	false	0.0	0.0	1.0	0.0	0.0	0.0	0.0	0.0	0.0	-2.0	
BS_CK260_2012-11-06_F08_054.fsa	INDEL_5790	169		0.9	0.3123	168.58		9945		43321.0		0.0	false	false	0.0	0.0	1.0	0.0	0.0	0.0	0.0	0.0	0.0	-2.0	
BS_CK261_2012-11-06_F09_069.fsa	INDEL_5790	169		0.9	0.4383	168.53		9631		43301.0		0.0	false	false	0.0	0.0	1.0	0.0	0.0	0.0	0.0	0.0	0.0	-2.0	
BS_CK262_2012-11-06_F10_070.fsa	INDEL_5790	169		0.9	0.3123	168.33		7216		31255.0		0.0	false	false	0.0	0.0	1.0	0.0	0.0	0.0	0.0	0.0	0.0	-2.0	
BS_CK263_2012-11-06_F11_085.fsa	INDEL_5790	169		0.9	0.4383	168.5		6597		35887.0		0.0	false	false	0.0	0.0	1.0	0.0	0.0	0.0	0.0	0.0	0.0	-2.0	
BS_CK264_2012-11-06_F12_086.fsa	INDEL_5790	169		0.9	0.4383	168.61		9590		44712.0		1.0	false	false	0.0	0.0	1.0	0.0	0.0	0.0	0.0	0.0	0.0	-2.0	
BS_CK265_2012-11-06_G01_003.fsa	INDEL_5790	169		0.9	0.4383	168.63		9056		37458.0		0.0	false	false	0.0	0.0	1.0	0.0	0.0	0.0	0.0	0.0	0.0	-2.0	
BS_CK266_2012-11-06_G02_004.fsa	INDEL_5790	169		0.9	0.4383	168.61		6551		28168.0		0.0	false	false	0.0	0.0	1.0	0.0	0.0	0.0	0.0	0.0	0.0	-2.0	
BS_CK267_2012-11-06_G03_019.fsa	INDEL_5790	169		0.9	0.4383	168.63		8612		34208.0		0.0	false	false	0.0	0.0	1.0	0.0	0.0	0.0	0.0	0.0	0.0	-2.0	
BS_CK268_2012-11-06_G04_020.fsa	INDEL_5790	169		0.9	0.4383	168.6		5883		24550.0		0.0	false	false	0.0	0.0	1.0	0.0	0.0	0.0	0.0	0.0	0.0	-2.0	
BS_CK269_2012-11-06_G05_035.fsa	INDEL_5790	169		0.9	0.3123	168.46		8929		40477.0		0.0	false	false	0.0	0.0	1.0	0.0	0.0	0.0	0.0	0.0	0.0	-2.0	
BS_CK270_2012-11-06_G06_036.fsa	INDEL_5790	169		0.9	0.3123	168.35		4487		19436.0		0.0	false	false	0.0	0.0	1.0	0.0	0.0	0.0	0.0	0.0	0.0	-2.0	
BS_CK271_2012-11-06_G07_051.fsa	INDEL_5790	169		0.9	0.4383	168.48		14062		60293.0		1.0	false	false	0.0	0.0	1.0	0.0	0.0	0.0	0.0	0.0	0.0	-2.0	
BS_CK272_2012-11-06_G08_052.fsa	INDEL_5790	169		0.9	0.4383	168.55		14547		64176.0		0.0	false	false	0.0	0.0	1.0	0.0	0.0	0.0	0.0	0.0	0.0	-2.0	
BS_CK273_2012-11-06_H12_082.fsa	INDEL_5790	169		0.9	0.8766	168.66		2906		13737.0		0.0	false	false	0.0	0.0	0.0	0.0	0.0	0.0	0.0	0.0	0.0	-2.0	
BS_CK274_2012-11-06_G10_068.fsa	INDEL_5790	169		0.9	0.4383	168.53		10212		46870.0		1.0	false	false	0.0	0.0	1.0	0.0	0.0	0.0	0.0	0.0	0.0	-2.0	
BS_CK275_2012-11-06_G11_083.fsa	INDEL_5790	169		0.81	0.3945	168.58		24797		115018.0		1.0	false	false	0.0	0.0	1.0	0.0	0.0	0.0	0.0	0.0	0.0	-2.0	
BS_CK276_2012-11-06_G12_084.fsa	INDEL_5790	169		0.9	0.4383	168.58		5725		28813.0		0.0	false	false	0.0	0.0	1.0	0.0	0.0	0.0	0.0	0.0	0.0	-2.0	
BS_CK277_2012-11-06_H01_001.fsa	INDEL_5790	169		0.9	0.4383	168.75		3396		14287.0		0.0	false	false	0.0	0.0	1.0	0.0	0.0	0.0	0.0	0.0	0.0	-2.0	
BS_CK278_2012-11-06_H02_002.fsa	INDEL_5790	169		0.9	0.4383	168.66		5328		21895.0		0.0	false	false	0.0	0.0	1.0	0.0	0.0	0.0	0.0	0.0	0.0	-2.0	
BS_CK279_2012-11-06_H03_017.fsa	INDEL_5790	169		0.9	0.4383	168.63		9906		39515.0		0.0	false	false	0.0	0.0	1.0	0.0	0.0	0.0	0.0	0.0	0.0	-2.0	
BS_CK280_2012-11-06_H04_018.fsa	INDEL_5790	169		0.9	0.4383	168.5		2689		11200.0		0.0	false	false	0.0	0.0	1.0	0.0	0.0	0.0	0.0	0.0	0.0	-2.0	
BS_CK281_2012-11-06_H05_033.fsa	INDEL_5790	169		0.9	0.4383	168.48		2377		10397.0		0.0	false	false	0.0	0.0	1.0	0.0	0.0	0.0	0.0	0.0	0.0	-2.0	
BS_CK282_2012-11-06_H06_034.fsa	INDEL_5790	169		0.9	0.4383	168.46		1949		8517.0		0.0	false	false	0.0	0.0	1.0	0.0	0.0	0.0	0.0	0.0	0.0	-2.0	
BS_CK283_2012-11-06_H07_049.fsa	INDEL_5790	169		0.9	0.4383	168.58		11598		49751.0		0.0	false	false	0.0	0.0	1.0	0.0	0.0	0.0	0.0	0.0	0.0	-2.0	
BS_CK284_2012-11-06_H08_050.fsa	INDEL_5790	169		0.9	0.4383	168.48		4352		19332.0		0.0	false	false	0.0	0.0	1.0	0.0	0.0	0.0	0.0	0.0	0.0	-2.0	
BS_CK285_2012-11-06_H09_065.fsa	INDEL_5790	169		0.9	0.4383	168.45		6927		31653.0		0.0	false	false	0.0	0.0	1.0	0.0	0.0	0.0	0.0	0.0	0.0	-2.0	
BS_CK286_2012-11-06_H10_066.fsa	INDEL_5790	169		0.9	0.4383	168.7		7987		37480.0		0.0	false	false	0.0	0.0	1.0	0.0	0.0	0.0	0.0	0.0	0.0	-2.0	
BLANK_2012-11-06_B07_061.fsa	INDEL_5791			0.0	0.0							1.0	false	false	-2.0	-2.0	-2.0	-2.0	-2.0	-2.0	-2.0	-2.0	-2.0	-2.0	
BLANK_2012-11-06_G09_067.fsa	INDEL_5791			0.0	0.0							0.0	false	false	-2.0	-2.0	-2.0	-2.0	-2.0	-2.0	-2.0	-2.0	-2.0	-2.0	
BS_CK193_2012-11-06_A01_015.fsa	INDEL_5791	138		0.9	0.4383	137.85		12072		53508.0		0.0	false	false	0.0	0.0	1.0	0.0	0.0	0.0	0.0	0.0	0.0	-2.0	
BS_CK194_2012-11-06_A02_016.fsa	INDEL_5791	138		1.0	0.487	137.85		13966		59271.0		0.0	false	false	0.0	0.0	1.0	0.0	0.0	0.0	0.0	0.0	0.0	-2.0	
BS_CK195_2012-11-06_A03_031.fsa	INDEL_5791	138		0.9	0.4383	137.62		15191		61881.0		0.0	false	false	0.0	0.0	1.0	0.0	0.0	0.0	0.0	0.0	0.0	-2.0	
BS_CK196_2012-11-06_A04_032.fsa	INDEL_5791	138		0.9	0.4383	137.64		14280		59272.0		0.0	false	false	0.0	0.0	1.0	0.0	0.0	0.0	0.0	0.0	0.0	-2.0	
BS_CK197_2012-11-06_A05_047.fsa	INDEL_5791			0.0	0.0							1.0	false	false	-2.0	-2.0	-2.0	-2.0	-2.0	-2.0	-2.0	-2.0	-2.0	-2.0	
BS_CK198_2012-11-06_A06_048.fsa	INDEL_5791	138		0.9	0.4383	137.64		10805		47333.0		0.0	false	false	0.0	0.0	1.0	0.0	0.0	0.0	0.0	0.0	0.0	-2.0	
BS_CK199_2012-11-06_A07_063.fsa	INDEL_5791	138		0.9	0.4383	137.61		12509		49448.0		0.0	false	false	0.0	0.0	1.0	0.0	0.0	0.0	0.0	0.0	0.0	-2.0	
BS_CK200_2012-11-06_A08_064.fsa	INDEL_5791	138		0.9	0.4383	137.64		14330		63388.0		0.0	false	false	0.0	0.0	1.0	0.0	0.0	0.0	0.0	0.0	0.0	-2.0	
BS_CK201_2012-11-06_A09_079.fsa	INDEL_5791			0.0	0.0							1.0	false	false	-2.0	-2.0	-2.0	-2.0	-2.0	-2.0	-2.0	-2.0	-2.0	-2.0	
BS_CK202_2012-11-06_A10_080.fsa	INDEL_5791	133	138	0.9	0.3123	132.93	137.61	7880	8229	33425.0	34561.0	0.0	false	false	0.0	0.0	1.0	0.0	0.0	0.0	0.0	0.0	0.0	0.0	
BS_CK203_2012-11-06_A11_095.fsa	INDEL_5791	133		0.9	0.4383	133.05		21216		94855.0		0.0	false	false	0.0	0.0	1.0	0.0	0.0	0.0	0.0	0.0	0.0	-2.0	
BS_CK204_2012-11-06_A12_096.fsa	INDEL_5791	138		0.9	0.4383	137.87		4758		22513.0		0.0	false	false	0.0	0.0	1.0	0.0	0.0	0.0	0.0	0.0	0.0	-2.0	
BS_CK205_2012-11-06_B01_013.fsa	INDEL_5791	133	138	0.9	0.4383	133.06	137.64	9170	9218	38371.0	37690.0	0.0	false	false	0.0	0.0	1.0	0.0	0.0	0.0	0.0	0.0	0.0	0.0	
BS_CK206_2012-11-06_B02_014.fsa	INDEL_5791	138		1.0	0.487	137.85		8032		35372.0		0.0	false	false	0.0	0.0	1.0	0.0	0.0	0.0	0.0	0.0	0.0	-2.0	
BS_CK207_2012-11-06_B03_029.fsa	INDEL_5791	138		0.9	0.4383	137.61		14091		64601.0		0.0	false	false	0.0	0.0	1.0	0.0	0.0	0.0	0.0	0.0	0.0	-2.0	
BS_CK208_2012-11-06_B04_030.fsa	INDEL_5791	133	138	0.9	0.4383	132.93	137.61	3915	4103	17498.0	17519.0	0.0	false	false	0.0	0.0	1.0	0.0	0.0	0.0	0.0	0.0	0.0	0.0	
BS_CK209_2012-11-06_B05_045.fsa	INDEL_5791	138		0.9	0.4383	137.64		12205		51145.0		0.0	false	false	0.0	0.0	1.0	0.0	0.0	0.0	0.0	0.0	0.0	-2.0	
BS_CK210_2012-11-06_B06_046.fsa	INDEL_5791	133	138	0.9	0.4383	133.1	137.61	5024	4579	23238.0	21380.0	0.0	false	false	0.0	0.0	1.0	0.0	0.0	0.0	0.0	0.0	0.0	0.0	
BS_CK211_2012-11-06_H11_081.fsa	INDEL_5791	138		0.9	0.4383	137.64		23993		102941.0		0.0	false	false	0.0	0.0	1.0	0.0	0.0	0.0	0.0	0.0	0.0	-2.0	
BS_CK212_2012-11-06_B08_062.fsa	INDEL_5791	138		0.9	0.2192	137.44		32311		144206.0		1.0	false	false	0.0	0.0	1.0	0.0	0.0	0.0	0.0	0.0	0.0	-2.0	
BS_CK213_2012-11-06_B09_077.fsa	INDEL_5791	133	138	0.9	0.4383	132.93	137.47	11583	12720	54866.0	57205.0	0.0	false	false	0.0	0.0	1.0	0.0	0.0	0.0	0.0	0.0	0.0	0.0	
BS_CK214_2012-11-06_B10_078.fsa	INDEL_5791	138		0.9	0.4383	137.42		18333		76141.0		0.0	false	false	0.0	0.0	1.0	0.0	0.0	0.0	0.0	0.0	0.0	-2.0	
BS_CK215_2012-11-06_B11_093.fsa	INDEL_5791	138		0.9	0.3123	137.66		23102		106244.0		0.0	false	false	0.0	0.0	1.0	0.0	0.0	0.0	0.0	0.0	0.0	-2.0	
BS_CK216_2012-11-06_B12_094.fsa	INDEL_5791	138		0.9	0.4383	137.85		13316		62278.0		0.0	false	false	0.0	0.0	1.0	0.0	0.0	0.0	0.0	0.0	0.0	-2.0	
BS_CK217_2012-11-06_C01_011.fsa	INDEL_5791	133	138	0.9	0.4383	133.14	137.85	10820	10978	45369.0	42798.0	0.0	false	false	0.0	0.0	1.0	0.0	0.0	0.0	0.0	0.0	0.0	0.0	
BS_CK218_2012-11-06_C02_012.fsa	INDEL_5791	138		0.9	0.4383	137.83		14563		61354.0		0.0	false	false	0.0	0.0	1.0	0.0	0.0	0.0	0.0	0.0	0.0	-2.0	
BS_CK219_2012-11-06_C03_027.fsa	INDEL_5791	133	138	0.9	0.4383	133.12	137.61	7716	7829	31503.0	31292.0	0.0	false	false	0.0	0.0	1.0	0.0	0.0	0.0	0.0	0.0	0.0	0.0	
BS_CK220_2012-11-06_C04_028.fsa	INDEL_5791	138		0.9	0.4383	137.61		9383		40390.0		0.0	false	false	0.0	0.0	1.0	0.0	0.0	0.0	0.0	0.0	0.0	-2.0	
BS_CK221_2012-11-06_C05_043.fsa	INDEL_5791	138		0.9	0.4383	137.61		13814		59015.0		0.0	false	false	0.0	0.0	1.0	0.0	0.0	0.0	0.0	0.0	0.0	-2.0	
BS_CK222_2012-11-06_C06_044.fsa	INDEL_5791	138		0.9	0.4383	137.39		31182		132332.0		0.0	false	false	0.0	0.0	1.0	0.0	0.0	0.0	0.0	0.0	0.0	-2.0	
BS_CK223_2012-11-06_C07_059.fsa	INDEL_5791	138		0.9	0.4383	137.42		22061		96467.0		0.0	false	false	0.0	0.0	1.0	0.0	0.0	0.0	0.0	0.0	0.0	-2.0	
BS_CK224_2012-11-06_C08_060.fsa	INDEL_5791	138		0.9	0.3123	137.39		27134		112203.0		0.0	false	false	0.0	0.0	1.0	0.0	0.0	0.0	0.0	0.0	0.0	-2.0	
BS_CK225_2012-11-06_C09_075.fsa	INDEL_5791	138		0.81	0.1405	138.82		32298		166990.0		1.0	false	false	0.0	0.0	1.0	0.0	0.0	0.0	0.0	0.0	0.0	-2.0	
BS_CK226_2012-11-06_C10_076.fsa	INDEL_5791	138		0.9	0.2192	137.61		30025		124967.0		1.0	false	false	0.0	0.0	1.0	0.0	0.0	0.0	0.0	0.0	0.0	-2.0	
BS_CK227_2012-11-06_C11_091.fsa	INDEL_5791			0.9	1.0							0.0	true	false	-4.0	-4.0	-1.0	-4.0	-1.0	-4.0	-4.0	-4.0	-1.0	-4.0	
BS_CK228_2012-11-06_C12_092.fsa	INDEL_5791	133	138	0.9	0.4383	133.05	137.64	7567	7445	34804.0	31798.0	0.0	false	false	0.0	0.0	1.0	0.0	0.0	0.0	0.0	0.0	0.0	0.0	
BS_CK229_2012-11-06_D01_009.fsa	INDEL_5791	133	138	0.9	0.4383	133.14	137.85	6491	5986	26745.0	24939.0	0.0	false	false	0.0	0.0	1.0	0.0	0.0	0.0	0.0	0.0	0.0	0.0	
BS_CK230_2012-11-06_D02_010.fsa	INDEL_5791	138		0.9	0.4383	137.64		22621		89001.0		0.0	false	false	0.0	0.0	1.0	0.0	0.0	0.0	0.0	0.0	0.0	-2.0	
BS_CK231_2012-11-06_D03_025.fsa	INDEL_5791	138		0.9	0.4383	137.83		11402		48040.0		0.0	false	false	0.0	0.0	1.0	0.0	0.0	0.0	0.0	0.0	0.0	-2.0	
BS_CK232_2012-11-06_D04_026.fsa	INDEL_5791			0.9	1.0							0.0	true	false	-4.0	-4.0	-1.0	-4.0	-4.0	-4.0	-4.0	-4.0	-4.0	-2.0	
BS_CK233_2012-11-06_D05_041.fsa	INDEL_5791	138		0.9	0.4383	137.61		15964		63104.0		0.0	false	false	0.0	0.0	1.0	0.0	0.0	0.0	0.0	0.0	0.0	-2.0	
BS_CK234_2012-11-06_D06_042.fsa	INDEL_5791	133		0.9	0.3123	133.0		14585		60214.0		0.0	false	false	0.0	0.0	1.0	0.0	0.0	0.0	0.0	0.0	0.0	-2.0	
BS_CK235_2012-11-06_D07_057.fsa	INDEL_5791	133		0.9	0.3123	132.82		10448		44051.0		0.0	false	false	0.0	0.0	1.0	0.0	0.0	0.0	0.0	0.0	0.0	-2.0	
BS_CK236_2012-11-06_D08_058.fsa	INDEL_5791	133		0.9	0.3123	132.82		14411		61397.0		0.0	false	false	0.0	0.0	1.0	0.0	0.0	0.0	0.0	0.0	0.0	-2.0	
BS_CK237_2012-11-06_D09_073.fsa	INDEL_5791	133	138	0.9	0.3123	132.99	137.44	14585	13418	62806.0	61199.0	0.0	false	false	0.0	0.0	1.0	0.0	0.0	0.0	0.0	0.0	0.0	0.0	
BS_CK238_2012-11-06_D10_074.fsa	INDEL_5791	138		0.9	0.3123	137.39		16740		70670.0		0.0	false	false	0.0	0.0	1.0	0.0	0.0	0.0	0.0	0.0	0.0	-2.0	
BS_CK239_2012-11-06_D11_089.fsa	INDEL_5791	138		0.9	0.4383	137.44		13449		57650.0		0.0	false	false	0.0	0.0	1.0	0.0	0.0	0.0	0.0	0.0	0.0	-2.0	
BS_CK240_2012-11-06_D12_090.fsa	INDEL_5791	138		0.9	0.8766	137.64		28274		119178.0		0.0	false	false	0.0	0.0	0.0	0.0	0.0	0.0	0.0	0.0	0.0	-2.0	
BS_CK241_2012-11-06_E01_007.fsa	INDEL_5791	138		0.9	0.4383	137.87		12707		51593.0		0.0	false	false	0.0	0.0	1.0	0.0	0.0	0.0	0.0	0.0	0.0	-2.0	
BS_CK242_2012-11-06_E02_008.fsa	INDEL_5791	133	138	0.9	0.4383	133.31	137.85	11589	10651	48671.0	42541.0	0.0	false	false	0.0	0.0	1.0	0.0	0.0	0.0	0.0	0.0	0.0	0.0	
BS_CK243_2012-11-06_E03_023.fsa	INDEL_5791	133	138	0.9	0.3123	133.2	137.64	10038	9823	40104.0	40948.0	0.0	false	false	0.0	0.0	1.0	0.0	0.0	0.0	0.0	0.0	0.0	0.0	
BS_CK244_2012-11-06_E04_024.fsa	INDEL_5791	133	138	0.9	0.4383	133.11	137.61	6114	5973	24416.0	24690.0	0.0	false	false	0.0	0.0	1.0	0.0	0.0	0.0	0.0	0.0	0.0	0.0	
BS_CK245_2012-11-06_E05_039.fsa	INDEL_5791	133	138	0.9	0.4383	133.11	137.61	5373	5326	22766.0	22447.0	0.0	false	false	0.0	0.0	1.0	0.0	0.0	0.0	0.0	0.0	0.0	0.0	
BS_CK246_2012-11-06_E06_040.fsa	INDEL_5791	138		0.9	0.4383	137.63		18510		73842.0		0.0	false	false	0.0	0.0	1.0	0.0	0.0	0.0	0.0	0.0	0.0	-2.0	
BS_CK247_2012-11-06_E07_055.fsa	INDEL_5791	133	138	0.9	0.4383	132.91	137.41	10961	9760	45932.0	41121.0	0.0	false	false	0.0	0.0	1.0	0.0	0.0	0.0	0.0	0.0	0.0	0.0	
BS_CK248_2012-11-06_E08_056.fsa	INDEL_5791	138		0.9	0.2192	137.41		31609		134539.0		1.0	false	false	0.0	0.0	1.0	0.0	0.0	0.0	0.0	0.0	0.0	-2.0	
BS_CK249_2012-11-06_E09_071.fsa	INDEL_5791	138		0.81	0.1405	139.0		32282		148213.0		1.0	false	false	0.0	0.0	1.0	0.0	0.0	0.0	0.0	0.0	0.0	-2.0	
BS_CK250_2012-11-06_E10_072.fsa	INDEL_5791	138		0.9	0.4383	137.41		23222		99003.0		0.0	false	false	0.0	0.0	1.0	0.0	0.0	0.0	0.0	0.0	0.0	-2.0	
BS_CK251_2012-11-06_E11_087.fsa	INDEL_5791	138		0.9	0.4383	137.66		26710		116985.0		0.0	false	false	0.0	0.0	1.0	0.0	0.0	0.0	0.0	0.0	0.0	-2.0	
BS_CK252_2012-11-06_E12_088.fsa	INDEL_5791	138		0.9	0.4383	137.66		18897		85939.0		0.0	false	false	0.0	0.0	1.0	0.0	0.0	0.0	0.0	0.0	0.0	-2.0	
BS_CK253_2012-11-06_F01_005.fsa	INDEL_5791	138		0.9	0.4383	137.67		11630		49149.0		0.0	false	false	0.0	0.0	1.0	0.0	0.0	0.0	0.0	0.0	0.0	-2.0	
BS_CK254_2012-11-06_F02_006.fsa	INDEL_5791	138		0.9	0.4383	137.66		28351		108861.0		0.0	false	false	0.0	0.0	1.0	0.0	0.0	0.0	0.0	0.0	0.0	-2.0	
BS_CK255_2012-11-06_F03_021.fsa	INDEL_5791	138		0.9	0.4383	137.64		9948		41748.0		0.0	false	false	0.0	0.0	1.0	0.0	0.0	0.0	0.0	0.0	0.0	-2.0	
BS_CK256_2012-11-06_F04_022.fsa	INDEL_5791	138		1.0	0.487	137.64		19712		86163.0		0.0	false	false	0.0	0.0	1.0	0.0	0.0	0.0	0.0	0.0	0.0	-2.0	
BS_CK257_2012-11-06_F05_037.fsa	INDEL_5791	138		0.9	0.3123	137.61		12151		51471.0		0.0	false	false	0.0	0.0	1.0	0.0	0.0	0.0	0.0	0.0	0.0	-2.0	
BS_CK258_2012-11-06_F06_038.fsa	INDEL_5791	133	138	0.9	0.3123	133.11	137.61	6256	6222	26648.0	26664.0	0.0	false	false	0.0	0.0	1.0	0.0	0.0	0.0	0.0	0.0	0.0	0.0	
BS_CK259_2012-11-06_F07_053.fsa	INDEL_5791	138		0.9	0.3123	137.42		14295		71546.0		0.0	false	false	0.0	0.0	1.0	0.0	0.0	0.0	0.0	0.0	0.0	-2.0	
BS_CK260_2012-11-06_F08_054.fsa	INDEL_5791	138		0.9	0.3123	137.42		21720		89283.0		0.0	false	false	0.0	0.0	1.0	0.0	0.0	0.0	0.0	0.0	0.0	-2.0	
BS_CK261_2012-11-06_F09_069.fsa	INDEL_5791	133	138	0.9	0.4383	133.0	137.63	14738	13192	63107.0	57710.0	0.0	false	false	0.0	0.0	1.0	0.0	0.0	0.0	0.0	0.0	0.0	0.0	
BS_CK262_2012-11-06_F10_070.fsa	INDEL_5791	138		0.9	0.3123	137.42		14881		63378.0		0.0	false	false	0.0	0.0	1.0	0.0	0.0	0.0	0.0	0.0	0.0	-2.0	
BS_CK263_2012-11-06_F11_085.fsa	INDEL_5791	138		0.9	0.8766	137.42		18422		97874.0		0.0	false	false	0.0	0.0	0.0	0.0	0.0	0.0	0.0	0.0	0.0	-2.0	
BS_CK264_2012-11-06_F12_086.fsa	INDEL_5791	138		0.9	0.3123	137.44		27847		129743.0		1.0	false	false	0.0	0.0	1.0	0.0	0.0	0.0	0.0	0.0	0.0	-2.0	
BS_CK265_2012-11-06_G01_003.fsa	INDEL_5791	138		0.9	0.4383	137.89		23024		94000.0		0.0	false	false	0.0	0.0	1.0	0.0	0.0	0.0	0.0	0.0	0.0	-2.0	
BS_CK266_2012-11-06_G02_004.fsa	INDEL_5791	133	138	0.9	0.4383	133.15	137.66	8290	7803	34310.0	30561.0	0.0	false	false	0.0	0.0	1.0	0.0	0.0	0.0	0.0	0.0	0.0	0.0	
BS_CK267_2012-11-06_G03_019.fsa	INDEL_5791	138		0.9	0.4383	137.83		19755		75711.0		0.0	false	false	0.0	0.0	1.0	0.0	0.0	0.0	0.0	0.0	0.0	-2.0	
BS_CK268_2012-11-06_G04_020.fsa	INDEL_5791	133		0.9	0.4383	133.21		20738		81819.0		0.0	false	false	0.0	0.0	1.0	0.0	0.0	0.0	0.0	0.0	0.0	-2.0	
BS_CK269_2012-11-06_G05_035.fsa	INDEL_5791	138		0.9	0.4383	137.64		17648		70774.0		0.0	false	false	0.0	0.0	1.0	0.0	0.0	0.0	0.0	0.0	0.0	-2.0	
BS_CK270_2012-11-06_G06_036.fsa	INDEL_5791	138		0.9	0.4383	137.42		17812		74913.0		0.0	false	false	0.0	0.0	1.0	0.0	0.0	0.0	0.0	0.0	0.0	-2.0	
BS_CK271_2012-11-06_G07_051.fsa	INDEL_5791	138		0.9	0.1561	137.62		32014		145708.0		1.0	false	false	0.0	0.0	1.0	0.0	0.0	0.0	0.0	0.0	0.0	-2.0	
BS_CK272_2012-11-06_G08_052.fsa	INDEL_5791	133	138	0.9	0.4383	133.0	137.63	15578	15926	66408.0	63706.0	0.0	false	false	0.0	0.0	1.0	0.0	0.0	0.0	0.0	0.0	0.0	0.0	
BS_CK273_2012-11-06_H12_082.fsa	INDEL_5791	138		0.9	0.8766	137.64		8469		40847.0		0.0	false	false	0.0	0.0	0.0	0.0	0.0	0.0	0.0	0.0	0.0	-2.0	
BS_CK274_2012-11-06_G10_068.fsa	INDEL_5791	138		0.9	0.8766	137.44		27194		123213.0		1.0	false	false	0.0	0.0	0.0	0.0	0.0	0.0	0.0	0.0	0.0	-2.0	
BS_CK275_2012-11-06_G11_083.fsa	INDEL_5791	138		0.81	0.281	138.82		32184		203227.0		1.0	false	false	0.0	0.0	0.0	0.0	0.0	0.0	0.0	0.0	0.0	-2.0	
BS_CK276_2012-11-06_G12_084.fsa	INDEL_5791	138		0.9	0.8766	137.64		21736		96312.0		0.0	false	false	0.0	0.0	0.0	0.0	0.0	0.0	0.0	0.0	0.0	-2.0	
BS_CK277_2012-11-06_H01_001.fsa	INDEL_5791	133	138	0.9	0.4383	133.33	137.89	3374	3246	14460.0	12997.0	0.0	false	false	0.0	0.0	1.0	0.0	0.0	0.0	0.0	0.0	0.0	0.0	
BS_CK278_2012-11-06_H02_002.fsa	INDEL_5791	138		0.9	0.4383	137.87		17182		69679.0		0.0	false	false	0.0	0.0	1.0	0.0	0.0	0.0	0.0	0.0	0.0	-2.0	
BS_CK279_2012-11-06_H03_017.fsa	INDEL_5791	138		0.9	0.4383	137.64		21809		85745.0		0.0	false	false	0.0	0.0	1.0	0.0	0.0	0.0	0.0	0.0	0.0	-2.0	
BS_CK280_2012-11-06_H04_018.fsa	INDEL_5791	133		0.9	0.4383	133.05		6337		26040.0		0.0	false	false	0.0	0.0	1.0	0.0	0.0	0.0	0.0	0.0	0.0	-2.0	
BS_CK281_2012-11-06_H05_033.fsa	INDEL_5791	138		0.9	0.4383	137.62		6536		26887.0		0.0	false	false	0.0	0.0	1.0	0.0	0.0	0.0	0.0	0.0	0.0	-2.0	
BS_CK282_2012-11-06_H06_034.fsa	INDEL_5791	133		0.9	0.3123	133.02		7390		31165.0		0.0	false	false	0.0	0.0	1.0	0.0	0.0	0.0	0.0	0.0	0.0	-2.0	
BS_CK283_2012-11-06_H07_049.fsa	INDEL_5791	138		0.9	0.4383	137.64		20156		83797.0		0.0	false	false	0.0	0.0	1.0	0.0	0.0	0.0	0.0	0.0	0.0	-2.0	
BS_CK284_2012-11-06_H08_050.fsa	INDEL_5791	133	138	0.9	0.4383	132.94	137.42	5350	4838	23612.0	21664.0	0.0	false	false	0.0	0.0	1.0	0.0	0.0	0.0	0.0	0.0	0.0	0.0	
BS_CK285_2012-11-06_H09_065.fsa	INDEL_5791	138		0.9	0.4383	137.64		16867		72592.0		0.0	false	false	0.0	0.0	1.0	0.0	0.0	0.0	0.0	0.0	0.0	-2.0	
BS_CK286_2012-11-06_H10_066.fsa	INDEL_5791	138		0.9	0.4383	137.66		18706		81126.0		0.0	false	false	0.0	0.0	1.0	0.0	0.0	0.0	0.0	0.0	0.0	-2.0	
BLANK_2012-11-06_B07_061.fsa	INDEL_5792			0.0	0.0							1.0	false	false	-2.0	-2.0	-2.0	-2.0	-2.0	-2.0	-2.0	-2.0	-2.0	-2.0	
BLANK_2012-11-06_G09_067.fsa	INDEL_5792			0.0	0.0							0.0	false	false	-2.0	-2.0	-2.0	-2.0	-2.0	-2.0	-2.0	-2.0	-2.0	-2.0	
BS_CK193_2012-11-06_A01_015.fsa	INDEL_5792	103		0.9	0.4383	103.03		17897		76972.0		0.0	false	false	0.0	0.0	1.0	0.0	0.0	0.0	0.0	0.0	0.0	-2.0	
BS_CK194_2012-11-06_A02_016.fsa	INDEL_5792	103		1.0	0.487	102.96		15904		65337.0		0.0	false	false	0.0	0.0	1.0	0.0	0.0	0.0	0.0	0.0	0.0	-2.0	
BS_CK195_2012-11-06_A03_031.fsa	INDEL_5792	103		0.9	0.4383	102.95		14091		56949.0		0.0	false	false	0.0	0.0	1.0	0.0	0.0	0.0	0.0	0.0	0.0	-2.0	
BS_CK196_2012-11-06_A04_032.fsa	INDEL_5792	103	107	0.9	0.4383	102.95	106.61	6607	6260	27873.0	24150.0	0.0	false	false	0.0	0.0	1.0	0.0	0.0	0.0	0.0	0.0	0.0	0.0	
BS_CK197_2012-11-06_A05_047.fsa	INDEL_5792			0.0	0.0							1.0	false	false	-2.0	-2.0	-2.0	-2.0	-2.0	-2.0	-2.0	-2.0	-2.0	-2.0	
BS_CK198_2012-11-06_A06_048.fsa	INDEL_5792	103		0.9	0.4383	102.97		14822		62327.0		0.0	false	false	0.0	0.0	1.0	0.0	0.0	0.0	0.0	0.0	0.0	-2.0	
BS_CK199_2012-11-06_A07_063.fsa	INDEL_5792	103		0.9	0.4383	102.86		11390		45425.0		0.0	false	false	0.0	0.0	1.0	0.0	0.0	0.0	0.0	0.0	0.0	-2.0	
BS_CK200_2012-11-06_A08_064.fsa	INDEL_5792	103		0.9	0.4383	102.83		14442		61036.0		0.0	false	false	0.0	0.0	1.0	0.0	0.0	0.0	0.0	0.0	0.0	-2.0	
BS_CK201_2012-11-06_A09_079.fsa	INDEL_5792			0.0	0.0							1.0	false	false	-2.0	-2.0	-2.0	-2.0	-2.0	-2.0	-2.0	-2.0	-2.0	-2.0	
BS_CK202_2012-11-06_A10_080.fsa	INDEL_5792	103	107	0.9	0.4383	102.81	106.51	8944	7856	37470.0	32368.0	0.0	false	false	0.0	0.0	1.0	0.0	0.0	0.0	0.0	0.0	0.0	0.0	
BS_CK203_2012-11-06_A11_095.fsa	INDEL_5792	107		0.9	0.4383	106.67		22194		93259.0		0.0	false	false	0.0	0.0	1.0	0.0	0.0	0.0	0.0	0.0	0.0	-2.0	
BS_CK204_2012-11-06_A12_096.fsa	INDEL_5792	103		0.9	0.4383	103.18		12559		52847.0		0.0	false	false	0.0	0.0	1.0	0.0	0.0	0.0	0.0	0.0	0.0	-2.0	
BS_CK205_2012-11-06_B01_013.fsa	INDEL_5792	103	107	0.9	0.4383	103.01	106.73	9492	8850	38522.0	35200.0	0.0	false	false	0.0	0.0	1.0	0.0	0.0	0.0	0.0	0.0	0.0	0.0	
BS_CK206_2012-11-06_B02_014.fsa	INDEL_5792	103		1.0	0.487	102.96		12801		50874.0		0.0	false	false	0.0	0.0	1.0	0.0	0.0	0.0	0.0	0.0	0.0	-2.0	
BS_CK207_2012-11-06_B03_029.fsa	INDEL_5792	103		0.9	0.4383	102.83		13421		56306.0		0.0	false	false	0.0	0.0	1.0	0.0	0.0	0.0	0.0	0.0	0.0	-2.0	
BS_CK208_2012-11-06_B04_030.fsa	INDEL_5792	103	107	0.9	0.4383	102.81	106.51	5846	5038	24843.0	20620.0	0.0	false	false	0.0	0.0	1.0	0.0	0.0	0.0	0.0	0.0	0.0	0.0	
BS_CK209_2012-11-06_B05_045.fsa	INDEL_5792	103		0.9	0.4383	102.83		13064		53714.0		0.0	false	false	0.0	0.0	1.0	0.0	0.0	0.0	0.0	0.0	0.0	-2.0	
BS_CK210_2012-11-06_B06_046.fsa	INDEL_5792	103	107	0.9	0.4383	102.88	106.66	8487	6528	37611.0	29019.0	0.0	false	false	0.0	0.0	1.0	0.0	0.0	0.0	0.0	0.0	0.0	0.0	
BS_CK211_2012-11-06_H11_081.fsa	INDEL_5792	103		0.9	0.4383	103.04		21076		91092.0		0.0	false	false	0.0	0.0	1.0	0.0	0.0	0.0	0.0	0.0	0.0	-2.0	
BS_CK212_2012-11-06_B08_062.fsa	INDEL_5792	103		0.9	0.4383	102.68		25115		108879.0		1.0	false	false	0.0	0.0	1.0	0.0	0.0	0.0	0.0	0.0	0.0	-2.0	
BS_CK213_2012-11-06_B09_077.fsa	INDEL_5792	103	107	0.9	0.4383	102.77	106.58	14185	12177	59164.0	49549.0	0.0	false	false	0.0	0.0	1.0	0.0	0.0	0.0	0.0	0.0	0.0	0.0	
BS_CK214_2012-11-06_B10_078.fsa	INDEL_5792	103		0.9	0.4383	102.67		15375		62570.0		0.0	false	false	0.0	0.0	1.0	0.0	0.0	0.0	0.0	0.0	0.0	-2.0	
BS_CK215_2012-11-06_B11_093.fsa	INDEL_5792	103		0.9	0.4383	102.94		25113		104006.0		0.0	false	false	0.0	0.0	1.0	0.0	0.0	0.0	0.0	0.0	0.0	-2.0	
BS_CK216_2012-11-06_B12_094.fsa	INDEL_5792	103	107	0.9	0.4383	102.96	106.8	9794	9954	42414.0	42246.0	0.0	false	false	0.0	0.0	1.0	0.0	0.0	0.0	0.0	0.0	0.0	0.0	
BS_CK217_2012-11-06_C01_011.fsa	INDEL_5792	103		0.9	0.4383	102.89		26880		109122.0		0.0	false	false	0.0	0.0	1.0	0.0	0.0	0.0	0.0	0.0	0.0	-2.0	
BS_CK218_2012-11-06_C02_012.fsa	INDEL_5792	103		0.9	0.4383	102.95		20559		85635.0		0.0	false	false	0.0	0.0	1.0	0.0	0.0	0.0	0.0	0.0	0.0	-2.0	
BS_CK219_2012-11-06_C03_027.fsa	INDEL_5792	103	107	0.9	0.3123	102.81	106.51	9318	8828	40084.0	35558.0	0.0	false	false	0.0	0.0	1.0	0.0	0.0	0.0	0.0	0.0	0.0	0.0	
BS_CK220_2012-11-06_C04_028.fsa	INDEL_5792	103		0.9	0.4383	102.81		19479		77658.0		0.0	false	false	0.0	0.0	1.0	0.0	0.0	0.0	0.0	0.0	0.0	-2.0	
BS_CK221_2012-11-06_C05_043.fsa	INDEL_5792	103	107	0.9	0.4383	102.69	106.61	11138	10327	47731.0	41574.0	0.0	false	false	0.0	0.0	1.0	0.0	0.0	0.0	0.0	0.0	0.0	0.0	
BS_CK222_2012-11-06_C06_044.fsa	INDEL_5792	103		0.9	0.4383	102.69		23947		95054.0		0.0	false	false	0.0	0.0	1.0	0.0	0.0	0.0	0.0	0.0	0.0	-2.0	
BS_CK223_2012-11-06_C07_059.fsa	INDEL_5792	103	107	0.9	0.4383	102.83	106.56	19780	18215	81643.0	74579.0	0.0	false	false	0.0	0.0	1.0	0.0	0.0	0.0	0.0	0.0	0.0	0.0	
BS_CK224_2012-11-06_C08_060.fsa	INDEL_5792	103		0.9	0.4383	102.69		25502		105430.0		0.0	false	false	0.0	0.0	1.0	0.0	0.0	0.0	0.0	0.0	0.0	-2.0	
BS_CK225_2012-11-06_C09_075.fsa	INDEL_5792	103		0.81	0.3945	103.25		29005		118756.0		1.0	false	false	0.0	0.0	1.0	0.0	0.0	0.0	0.0	0.0	0.0	-2.0	
BS_CK226_2012-11-06_C10_076.fsa	INDEL_5792	103		0.9	0.4383	102.73		20515		81254.0		1.0	false	false	0.0	0.0	1.0	0.0	0.0	0.0	0.0	0.0	0.0	-2.0	
BS_CK227_2012-11-06_C11_091.fsa	INDEL_5792			0.9	1.0							0.0	true	false	-4.0	-4.0	-4.0	-4.0	-1.0	-4.0	-4.0	-4.0	-1.0	-4.0	
BS_CK228_2012-11-06_C12_092.fsa	INDEL_5792	103	107	0.9	0.4383	103.06	106.67	5701	5412	25072.0	22231.0	0.0	false	false	0.0	0.0	1.0	0.0	0.0	0.0	0.0	0.0	0.0	0.0	
BS_CK229_2012-11-06_D01_009.fsa	INDEL_5792	103	107	0.9	0.4383	103.03	106.76	10304	10507	39937.0	41508.0	0.0	false	false	0.0	0.0	1.0	0.0	0.0	0.0	0.0	0.0	0.0	0.0	
BS_CK230_2012-11-06_D02_010.fsa	INDEL_5792	103		0.9	0.4383	102.95		23551		88856.0		0.0	false	false	0.0	0.0	1.0	0.0	0.0	0.0	0.0	0.0	0.0	-2.0	
BS_CK231_2012-11-06_D03_025.fsa	INDEL_5792	103		0.9	0.4383	102.99		14425		57745.0		0.0	false	false	0.0	0.0	1.0	0.0	0.0	0.0	0.0	0.0	0.0	-2.0	
BS_CK232_2012-11-06_D04_026.fsa	INDEL_5792			0.9	1.0							0.0	true	false	-4.0	-4.0	-1.0	-4.0	-4.0	-4.0	-4.0	-4.0	-4.0	-2.0	
BS_CK233_2012-11-06_D05_041.fsa	INDEL_5792	103		0.9	0.4383	102.86		17093		66143.0		0.0	false	false	0.0	0.0	1.0	0.0	0.0	0.0	0.0	0.0	0.0	-2.0	
BS_CK234_2012-11-06_D06_042.fsa	INDEL_5792	107		0.9	0.4383	106.59		16624		68331.0		0.0	false	false	0.0	0.0	1.0	0.0	0.0	0.0	0.0	0.0	0.0	-2.0	
BS_CK235_2012-11-06_D07_057.fsa	INDEL_5792	107		0.9	0.4383	106.46		14950		60954.0		0.0	false	false	0.0	0.0	1.0	0.0	0.0	0.0	0.0	0.0	0.0	-2.0	
BS_CK236_2012-11-06_D08_058.fsa	INDEL_5792	107		0.9	1.0	106.29		14534		59223.0		0.0	true	false	-4.0	-4.0	-1.0	-4.0	-1.0	-4.0	-4.0	-4.0	-4.0	-2.0	
BS_CK237_2012-11-06_D09_073.fsa	INDEL_5792	107		0.9	0.4383	106.52		18713		77983.0		0.0	false	false	0.0	0.0	1.0	0.0	0.0	0.0	0.0	0.0	0.0	-2.0	
BS_CK238_2012-11-06_D10_074.fsa	INDEL_5792	103		0.9	0.4383	102.67		18011		76562.0		0.0	false	false	0.0	0.0	1.0	0.0	0.0	0.0	0.0	0.0	0.0	-2.0	
BS_CK239_2012-11-06_D11_089.fsa	INDEL_5792	?		0.9	0.0877	102.66		12103		50761.0		0.0	false	false	0.0	0.0	1.0	0.0	1.0	0.0	0.0	0.0	0.0	-2.0	
BS_CK240_2012-11-06_D12_090.fsa	INDEL_5792	103		0.9	0.3123	102.97		17889		75750.0		0.0	false	false	0.0	0.0	1.0	0.0	0.0	0.0	0.0	0.0	0.0	-2.0	
BS_CK241_2012-11-06_E01_007.fsa	INDEL_5792	103		0.9	0.4383	103.18		22948		94308.0		0.0	false	false	0.0	0.0	1.0	0.0	0.0	0.0	0.0	0.0	0.0	-2.0	
BS_CK242_2012-11-06_E02_008.fsa	INDEL_5792	107		0.9	0.4383	106.75		24764		98013.0		0.0	false	false	0.0	0.0	1.0	0.0	0.0	0.0	0.0	0.0	0.0	-2.0	
BS_CK243_2012-11-06_E03_023.fsa	INDEL_5792	103	107	0.9	0.4383	102.99	106.71	11346	10022	45221.0	38572.0	0.0	false	false	0.0	0.0	1.0	0.0	0.0	0.0	0.0	0.0	0.0	0.0	
BS_CK244_2012-11-06_E04_024.fsa	INDEL_5792	103	107	0.9	0.4383	102.86	106.61	7688	8240	29809.0	31829.0	0.0	false	false	0.0	0.0	1.0	0.0	0.0	0.0	0.0	0.0	0.0	0.0	
BS_CK245_2012-11-06_E05_039.fsa	INDEL_5792	103	107	0.9	0.4383	102.86	106.61	8560	8243	33665.0	33035.0	0.0	false	false	0.0	0.0	1.0	0.0	0.0	0.0	0.0	0.0	0.0	0.0	
BS_CK246_2012-11-06_E06_040.fsa	INDEL_5792	103		0.9	0.4383	102.75		21448		84015.0		0.0	false	false	0.0	0.0	1.0	0.0	0.0	0.0	0.0	0.0	0.0	-2.0	
BS_CK247_2012-11-06_E07_055.fsa	INDEL_5792	103	107	0.9	0.3123	102.69	106.44	11325	10387	46880.0	43596.0	0.0	false	false	0.0	0.0	1.0	0.0	0.0	0.0	0.0	0.0	0.0	0.0	
BS_CK248_2012-11-06_E08_056.fsa	INDEL_5792	103	107	0.9	0.4383	102.73	106.54	15421	13323	62683.0	52182.0	1.0	false	false	0.0	0.0	1.0	0.0	0.0	0.0	0.0	0.0	0.0	0.0	
BS_CK249_2012-11-06_E09_071.fsa	INDEL_5792	103		0.81	0.3945	103.17		29601		123147.0		1.0	false	false	0.0	0.0	1.0	0.0	0.0	0.0	0.0	0.0	0.0	-2.0	
BS_CK250_2012-11-06_E10_072.fsa	INDEL_5792	103		0.9	0.4383	102.71		21428		87802.0		0.0	false	false	0.0	0.0	1.0	0.0	0.0	0.0	0.0	0.0	0.0	-2.0	
BS_CK251_2012-11-06_E11_087.fsa	INDEL_5792	103		0.9	0.4383	102.84		27688		113243.0		0.0	false	false	0.0	0.0	1.0	0.0	0.0	0.0	0.0	0.0	0.0	-2.0	
BS_CK252_2012-11-06_E12_088.fsa	INDEL_5792	103		0.9	0.4383	102.99		18669		78920.0		0.0	false	false	0.0	0.0	1.0	0.0	0.0	0.0	0.0	0.0	0.0	-2.0	
BS_CK253_2012-11-06_F01_005.fsa	INDEL_5792	103		0.9	0.4383	103.14		21600		84328.0		0.0	false	false	0.0	0.0	1.0	0.0	0.0	0.0	0.0	0.0	0.0	-2.0	
BS_CK254_2012-11-06_F02_006.fsa	INDEL_5792	103		0.9	0.4383	103.05		25765		100810.0		0.0	false	false	0.0	0.0	1.0	0.0	0.0	0.0	0.0	0.0	0.0	-2.0	
BS_CK255_2012-11-06_F03_021.fsa	INDEL_5792	103		0.9	0.4383	102.99		20028		77193.0		0.0	false	false	0.0	0.0	1.0	0.0	0.0	0.0	0.0	0.0	0.0	-2.0	
BS_CK256_2012-11-06_F04_022.fsa	INDEL_5792	103	107	1.0	0.487	102.9	106.67	12339	12200	50528.0	50323.0	0.0	false	false	0.0	0.0	1.0	0.0	0.0	0.0	0.0	0.0	0.0	0.0	
BS_CK257_2012-11-06_F05_037.fsa	INDEL_5792	103		0.9	0.4383	102.86		14735		59257.0		0.0	false	false	0.0	0.0	1.0	0.0	0.0	0.0	0.0	0.0	0.0	-2.0	
BS_CK258_2012-11-06_F06_038.fsa	INDEL_5792	103	107	0.9	0.4383	102.86	106.61	7730	7268	32253.0	29966.0	0.0	false	false	0.0	0.0	1.0	0.0	0.0	0.0	0.0	0.0	0.0	0.0	
BS_CK259_2012-11-06_F07_053.fsa	INDEL_5792	103		0.9	0.4383	102.81		18274		82783.0		0.0	false	false	0.0	0.0	1.0	0.0	0.0	0.0	0.0	0.0	0.0	-2.0	
BS_CK260_2012-11-06_F08_054.fsa	INDEL_5792	103		0.9	0.4383	102.83		20372		85310.0		0.0	false	false	0.0	0.0	1.0	0.0	0.0	0.0	0.0	0.0	0.0	-2.0	
BS_CK261_2012-11-06_F09_069.fsa	INDEL_5792	103	107	0.9	0.4383	102.85	106.59	13162	10650	53362.0	43907.0	0.0	false	false	0.0	0.0	1.0	0.0	0.0	0.0	0.0	0.0	0.0	0.0	
BS_CK262_2012-11-06_F10_070.fsa	INDEL_5792	103		0.9	0.4383	102.81		11782		49885.0		0.0	false	false	0.0	0.0	1.0	0.0	0.0	0.0	0.0	0.0	0.0	-2.0	
BS_CK263_2012-11-06_F11_085.fsa	INDEL_5792	103		0.9	0.4383	102.81		24166		106896.0		0.0	false	false	0.0	0.0	1.0	0.0	0.0	0.0	0.0	0.0	0.0	-2.0	
BS_CK264_2012-11-06_F12_086.fsa	INDEL_5792	103		0.9	0.2192	102.78		32471		143439.0		1.0	false	false	0.0	0.0	1.0	0.0	0.0	0.0	0.0	0.0	0.0	-2.0	
BS_CK265_2012-11-06_G01_003.fsa	INDEL_5792	103		0.9	0.4383	103.18		24656		96207.0		0.0	false	false	0.0	0.0	1.0	0.0	0.0	0.0	0.0	0.0	0.0	-2.0	
BS_CK266_2012-11-06_G02_004.fsa	INDEL_5792	103	107	0.9	0.4383	103.01	106.71	10223	9372	40197.0	37413.0	0.0	false	false	0.0	0.0	1.0	0.0	0.0	0.0	0.0	0.0	0.0	0.0	
BS_CK267_2012-11-06_G03_019.fsa	INDEL_5792	103		0.9	0.4383	102.97		20062		77871.0		0.0	false	false	0.0	0.0	1.0	0.0	0.0	0.0	0.0	0.0	0.0	-2.0	
BS_CK268_2012-11-06_G04_020.fsa	INDEL_5792	107		0.9	0.4383	106.66		18910		73064.0		0.0	false	false	0.0	0.0	1.0	0.0	0.0	0.0	0.0	0.0	0.0	-2.0	
BS_CK269_2012-11-06_G05_035.fsa	INDEL_5792	103		0.9	0.4383	102.8		21744		86431.0		0.0	false	false	0.0	0.0	1.0	0.0	0.0	0.0	0.0	0.0	0.0	-2.0	
BS_CK270_2012-11-06_G06_036.fsa	INDEL_5792	103		0.9	0.4383	102.67		21275		87278.0		0.0	false	false	0.0	0.0	1.0	0.0	0.0	0.0	0.0	0.0	0.0	-2.0	
BS_CK271_2012-11-06_G07_051.fsa	INDEL_5792	103		0.9	0.2192	102.79		32401		150498.0		1.0	false	false	0.0	0.0	1.0	0.0	0.0	0.0	0.0	0.0	0.0	-2.0	
BS_CK272_2012-11-06_G08_052.fsa	INDEL_5792	103	107	0.9	0.4383	102.87	106.64	16374	15219	66473.0	58705.0	0.0	false	false	0.0	0.0	1.0	0.0	0.0	0.0	0.0	0.0	0.0	0.0	
BS_CK273_2012-11-06_H12_082.fsa	INDEL_5792	103		0.9	0.4383	102.88		10302		45435.0		0.0	false	false	0.0	0.0	1.0	0.0	0.0	0.0	0.0	0.0	0.0	-2.0	
BS_CK274_2012-11-06_G10_068.fsa	INDEL_5792	103		0.9	0.2192	102.68		29564		123748.0		1.0	false	false	0.0	0.0	1.0	0.0	0.0	0.0	0.0	0.0	0.0	-2.0	
BS_CK275_2012-11-06_G11_083.fsa	INDEL_5792	103		0.81	0.1405	103.25		32472		147788.0		1.0	false	false	0.0	0.0	1.0	0.0	0.0	0.0	0.0	0.0	0.0	-2.0	
BS_CK276_2012-11-06_G12_084.fsa	INDEL_5792	103	107	0.9	0.4383	102.95	106.61	12039	11644	50534.0	46635.0	0.0	false	false	0.0	0.0	1.0	0.0	0.0	0.0	0.0	0.0	0.0	0.0	
BS_CK277_2012-11-06_H01_001.fsa	INDEL_5792	103	107	0.9	0.4383	103.13	106.78	6845	6577	27242.0	24374.0	0.0	false	false	0.0	0.0	1.0	0.0	0.0	0.0	0.0	0.0	0.0	0.0	
BS_CK278_2012-11-06_H02_002.fsa	INDEL_5792	103		0.9	0.4383	103.0		29407		115253.0		0.0	false	false	0.0	0.0	1.0	0.0	0.0	0.0	0.0	0.0	0.0	-2.0	
BS_CK279_2012-11-06_H03_017.fsa	INDEL_5792	103		0.9	0.4383	102.85		23336		94123.0		0.0	false	false	0.0	0.0	1.0	0.0	0.0	0.0	0.0	0.0	0.0	-2.0	
BS_CK280_2012-11-06_H04_018.fsa	INDEL_5792	107		0.9	0.4383	106.67		10466		40237.0		0.0	false	false	0.0	0.0	1.0	0.0	0.0	0.0	0.0	0.0	0.0	-2.0	
BS_CK281_2012-11-06_H05_033.fsa	INDEL_5792	103		0.9	0.4383	102.95		10991		42399.0		0.0	false	false	0.0	0.0	1.0	0.0	0.0	0.0	0.0	0.0	0.0	-2.0	
BS_CK282_2012-11-06_H06_034.fsa	INDEL_5792	107		0.9	0.4383	106.66		11936		46454.0		0.0	false	false	0.0	0.0	1.0	0.0	0.0	0.0	0.0	0.0	0.0	-2.0	
BS_CK283_2012-11-06_H07_049.fsa	INDEL_5792	103		0.9	0.4383	102.78		13506		54701.0		0.0	false	false	0.0	0.0	1.0	0.0	0.0	0.0	0.0	0.0	0.0	-2.0	
BS_CK284_2012-11-06_H08_050.fsa	INDEL_5792	103	107	0.9	0.4383	102.79	106.46	10784	10276	45203.0	41991.0	0.0	false	false	0.0	0.0	1.0	0.0	0.0	0.0	0.0	0.0	0.0	0.0	
BS_CK285_2012-11-06_H09_065.fsa	INDEL_5792	103		0.9	0.4383	102.97		20333		85169.0		0.0	false	false	0.0	0.0	1.0	0.0	0.0	0.0	0.0	0.0	0.0	-2.0	
BS_CK286_2012-11-06_H10_066.fsa	INDEL_5792	103		0.9	0.4383	102.96		18031		76682.0		0.0	false	false	0.0	0.0	1.0	0.0	0.0	0.0	0.0	0.0	0.0	-2.0	
